10000 140
9999 140
9998 149
9997 150
9996 149
9995 113
9994 135
9993 149
9992 139
9991 147
9990 145
9989 138
9988 149
9987 123
9986 138
9985 141
9984 146
9983 138
9982 137
9981 139
9980 138
9979 148
9978 139
9977 138
9976 139
9975 149
9974 139
9973 139
9972 141
9971 140
9970 138
9969 137
9968 140
9967 148
9966 137
9965 136
9964 139
9963 137
9962 140
9961 139
9960 147
9959 139
9958 138
9957 140
9956 140
9955 148
9954 137
9953 150
9952 148
9951 149
9950 149
9949 139
9948 141
9947 150
9946 140
9945 140
9944 150
9943 138
9942 143
9941 139
9940 148
9939 140
9938 140
9937 138
9936 149
9935 140
9934 148
9933 147
9932 138
9931 148
9930 148
9929 140
9928 148
9927 138
9926 139
9925 146
9924 138
9923 141
9922 139
9921 138
9920 142
9919 140
9918 148
9917 144
9916 138
9915 140
9914 141
9913 146
9912 139
9911 140
9910 137
9909 138
9908 136
9907 137
9906 148
9905 148
9904 139
9903 143
9902 139
9901 139
9900 138
9899 138
9898 140
9897 138
9896 146
9895 148
9894 141
9893 139
9892 149
9891 145
9890 140
9889 151
9888 139
9887 139
9886 148
9885 137
9884 139
9883 139
9882 138
9881 136
9880 142
9879 139
9878 139
9877 149
9876 147
9875 126
9874 139
9873 140
9872 138
9871 139
9870 147
9869 142
9868 137
9867 135
9866 136
9865 133
9864 140
9863 136
9862 136
9861 139
9860 138
9859 141
9858 140
9857 137
9856 140
9855 140
9854 137
9853 149
9852 135
9851 149
9850 142
9849 139
9848 135
9847 150
9846 141
9845 138
9844 148
9843 148
9842 138
9841 149
9840 138
9839 137
9838 134
9837 135
9836 136
9835 148
9834 148
9833 139
9832 138
9831 123
9830 139
9829 140
9828 150
9827 140
9826 141
9825 138
9824 142
9823 140
9822 140
9821 135
9820 138
9819 137
9818 136
9817 137
9816 149
9815 141
9814 146
9813 149
9812 139
9811 147
9810 138
9809 139
9808 149
9807 136
9806 150
9805 149
9804 137
9803 138
9802 149
9801 146
9800 147
9799 139
9798 143
9797 142
9796 147
9795 139
9794 150
9793 148
9792 135
9791 140
9790 149
9789 138
9788 137
9787 133
9786 139
9785 141
9784 138
9783 146
9782 135
9781 149
9780 147
9779 139
9778 140
9777 141
9776 138
9775 141
9774 152
9773 140
9772 141
9771 137
9770 146
9769 147
9768 138
9767 139
9766 144
9765 142
9764 140
9763 137
9762 139
9761 126
9760 149
9759 139
9758 140
9757 140
9756 139
9755 136
9754 138
9753 148
9752 143
9751 137
9750 146
9749 148
9748 139
9747 140
9746 147
9745 137
9744 146
9743 139
9742 140
9741 147
9740 138
9739 135
9738 138
9737 138
9736 140
9735 137
9734 145
9733 139
9732 147
9731 148
9730 139
9729 141
9728 148
9727 138
9726 139
9725 135
9724 138
9723 139
9722 138
9721 139
9720 148
9719 146
9718 139
9717 146
9716 148
9715 134
9714 114
9713 140
9712 138
9711 146
9710 148
9709 146
9708 139
9707 147
9706 149
9705 135
9704 149
9703 135
9702 123
9701 139
9700 141
9699 139
9698 139
9697 146
9696 146
9695 147
9694 147
9693 150
9692 148
9691 149
9690 138
9689 144
9688 146
9687 150
9686 150
9685 138
9684 139
9683 141
9682 138
9681 139
9680 142
9679 148
9678 148
9677 148
9676 138
9675 124
9674 145
9673 149
9672 146
9671 149
9670 137
9669 140
9668 147
9667 148
9666 150
9665 139
9664 139
9663 136
9662 140
9661 133
9660 139
9659 136
9658 152
9657 139
9656 137
9655 139
9654 146
9653 138
9652 141
9651 142
9650 138
9649 146
9648 139
9647 137
9646 138
9645 139
9644 141
9643 137
9642 138
9641 141
9640 150
9639 141
9638 136
9637 136
9636 138
9635 148
9634 141
9633 138
9632 139
9631 138
9630 140
9629 141
9628 145
9627 138
9626 147
9625 140
9624 140
9623 143
9622 136
9621 140
9620 134
9619 136
9618 136
9617 143
9616 142
9615 137
9614 137
9613 137
9612 140
9611 136
9610 141
9609 138
9608 149
9607 134
9606 136
9605 135
9604 140
9603 149
9602 149
9601 149
9600 142
9599 137
9598 146
9597 139
9596 137
9595 147
9594 140
9593 140
9592 137
9591 143
9590 136
9589 138
9588 139
9587 140
9586 140
9585 136
9584 148
9583 137
9582 139
9581 139
9580 147
9579 136
9578 137
9577 148
9576 138
9575 141
9574 148
9573 137
9572 135
9571 147
9570 140
9569 148
9568 137
9567 139
9566 138
9565 145
9564 140
9563 138
9562 141
9561 139
9560 136
9559 144
9558 138
9557 148
9556 133
9555 145
9554 141
9553 138
9552 139
9551 143
9550 148
9549 136
9548 136
9547 138
9546 142
9545 135
9544 141
9543 140
9542 146
9541 135
9540 142
9539 139
9538 149
9537 147
9536 135
9535 140
9534 140
9533 136
9532 138
9531 137
9530 144
9529 132
9528 138
9527 138
9526 136
9525 140
9524 138
9523 113
9522 147
9521 144
9520 139
9519 149
9518 137
9517 137
9516 137
9515 137
9514 140
9513 143
9512 137
9511 126
9510 134
9509 139
9508 142
9507 140
9506 141
9505 140
9504 148
9503 140
9502 138
9501 139
9500 139
9499 143
9498 144
9497 139
9496 141
9495 139
9494 146
9493 138
9492 147
9491 140
9490 140
9489 148
9488 147
9487 146
9486 140
9485 138
9484 138
9483 141
9482 148
9481 138
9480 137
9479 147
9478 136
9477 139
9476 147
9475 134
9474 137
9473 137
9472 135
9471 137
9470 141
9469 138
9468 138
9467 141
9466 132
9465 145
9464 137
9463 141
9462 140
9461 144
9460 138
9459 138
9458 139
9457 143
9456 145
9455 148
9454 139
9453 149
9452 149
9451 137
9450 138
9449 136
9448 138
9447 137
9446 147
9445 149
9444 140
9443 135
9442 137
9441 136
9440 139
9439 148
9438 147
9437 139
9436 140
9435 141
9434 148
9433 148
9432 139
9431 136
9430 138
9429 148
9428 149
9427 136
9426 139
9425 148
9424 140
9423 139
9422 149
9421 139
9420 135
9419 143
9418 139
9417 140
9416 149
9415 140
9414 145
9413 136
9412 141
9411 148
9410 137
9409 147
9408 139
9407 140
9406 136
9405 132
9404 140
9403 148
9402 139
9401 133
9400 139
9399 139
9398 138
9397 138
9396 137
9395 131
9394 137
9393 138
9392 140
9391 135
9390 142
9389 137
9388 133
9387 147
9386 139
9385 138
9384 147
9383 137
9382 135
9381 137
9380 135
9379 144
9378 134
9377 138
9376 146
9375 135
9374 146
9373 144
9372 150
9371 126
9370 139
9369 138
9368 147
9367 137
9366 151
9365 140
9364 148
9363 140
9362 140
9361 136
9360 138
9359 135
9358 138
9357 140
9356 138
9355 142
9354 140
9353 137
9352 137
9351 148
9350 144
9349 126
9348 138
9347 137
9346 148
9345 151
9344 136
9343 148
9342 141
9341 135
9340 141
9339 138
9338 139
9337 148
9336 139
9335 137
9334 149
9333 139
9332 148
9331 137
9330 137
9329 141
9328 145
9327 137
9326 146
9325 139
9324 140
9323 139
9322 138
9321 137
9320 137
9319 148
9318 140
9317 138
9316 141
9315 139
9314 139
9313 138
9312 138
9311 138
9310 139
9309 140
9308 136
9307 140
9306 139
9305 137
9304 138
9303 140
9302 139
9301 134
9300 136
9299 140
9298 139
9297 140
9296 141
9295 139
9294 138
9293 145
9292 149
9291 139
9290 138
9289 136
9288 141
9287 142
9286 137
9285 140
9284 134
9283 138
9282 150
9281 138
9280 139
9279 140
9278 142
9277 138
9276 140
9275 137
9274 140
9273 136
9272 141
9271 149
9270 137
9269 147
9268 139
9267 134
9266 148
9265 139
9264 140
9263 141
9262 137
9261 139
9260 141
9259 140
9258 135
9257 140
9256 139
9255 136
9254 138
9253 143
9252 137
9251 139
9250 144
9249 137
9248 137
9247 141
9246 147
9245 146
9244 133
9243 137
9242 145
9241 142
9240 134
9239 138
9238 137
9237 138
9236 137
9235 139
9234 140
9233 136
9232 136
9231 136
9230 136
9229 139
9228 138
9227 140
9226 139
9225 137
9224 136
9223 142
9222 138
9221 135
9220 147
9219 133
9218 133
9217 125
9216 139
9215 146
9214 139
9213 136
9212 150
9211 134
9210 141
9209 138
9208 143
9207 141
9206 148
9205 135
9204 150
9203 139
9202 139
9201 145
9200 139
9199 137
9198 138
9197 139
9196 137
9195 137
9194 137
9193 137
9192 137
9191 140
9190 136
9189 134
9188 138
9187 137
9186 139
9185 137
9184 137
9183 139
9182 142
9181 136
9180 149
9179 148
9178 141
9177 137
9176 148
9175 147
9174 137
9173 139
9172 140
9171 138
9170 147
9169 136
9168 140
9167 141
9166 140
9165 139
9164 140
9163 124
9162 138
9161 134
9160 138
9159 133
9158 134
9157 141
9156 139
9155 137
9154 140
9153 147
9152 140
9151 135
9150 151
9149 147
9148 146
9147 136
9146 138
9145 137
9144 145
9143 139
9142 137
9141 137
9140 138
9139 139
9138 136
9137 136
9136 135
9135 136
9134 134
9133 139
9132 148
9131 135
9130 139
9129 138
9128 139
9127 146
9126 138
9125 135
9124 139
9123 134
9122 139
9121 136
9120 139
9119 139
9118 136
9117 134
9116 140
9115 124
9114 137
9113 141
9112 136
9111 136
9110 136
9109 141
9108 140
9107 142
9106 139
9105 148
9104 139
9103 138
9102 136
9101 139
9100 138
9099 134
9098 142
9097 132
9096 140
9095 129
9094 139
9093 139
9092 138
9091 145
9090 145
9089 140
9088 138
9087 138
9086 141
9085 137
9084 139
9083 139
9082 137
9081 138
9080 140
9079 139
9078 148
9077 141
9076 139
9075 137
9074 140
9073 141
9072 138
9071 139
9070 137
9069 140
9068 138
9067 133
9066 141
9065 141
9064 147
9063 146
9062 146
9061 133
9060 138
9059 139
9058 149
9057 138
9056 138
9055 148
9054 139
9053 133
9052 135
9051 145
9050 138
9049 139
9048 137
9047 139
9046 136
9045 149
9044 138
9043 142
9042 136
9041 139
9040 139
9039 137
9038 145
9037 138
9036 137
9035 139
9034 145
9033 137
9032 147
9031 140
9030 136
9029 139
9028 140
9027 140
9026 144
9025 138
9024 137
9023 150
9022 140
9021 140
9020 135
9019 139
9018 137
9017 137
9016 137
9015 134
9014 137
9013 138
9012 136
9011 148
9010 140
9009 123
9008 141
9007 137
9006 137
9005 141
9004 147
9003 136
9002 138
9001 140
9000 145
8999 137
8998 140
8997 139
8996 138
8995 140
8994 136
8993 137
8992 135
8991 138
8990 138
8989 135
8988 137
8987 146
8986 146
8985 147
8984 136
8983 137
8982 139
8981 136
8980 138
8979 138
8978 140
8977 136
8976 139
8975 140
8974 131
8973 139
8972 136
8971 136
8970 147
8969 138
8968 144
8967 139
8966 141
8965 142
8964 137
8963 134
8962 139
8961 141
8960 139
8959 137
8958 144
8957 139
8956 139
8955 141
8954 140
8953 147
8952 140
8951 137
8950 140
8949 140
8948 140
8947 135
8946 139
8945 142
8944 147
8943 141
8942 138
8941 138
8940 138
8939 124
8938 139
8937 136
8936 139
8935 140
8934 145
8933 140
8932 138
8931 140
8930 138
8929 136
8928 135
8927 137
8926 139
8925 139
8924 135
8923 138
8922 139
8921 135
8920 137
8919 142
8918 139
8917 138
8916 147
8915 138
8914 137
8913 137
8912 139
8911 140
8910 136
8909 139
8908 147
8907 134
8906 146
8905 138
8904 139
8903 134
8902 125
8901 136
8900 136
8899 149
8898 140
8897 148
8896 146
8895 137
8894 136
8893 139
8892 138
8891 138
8890 138
8889 139
8888 139
8887 137
8886 139
8885 139
8884 133
8883 134
8882 138
8881 145
8880 139
8879 142
8878 136
8877 138
8876 139
8875 126
8874 143
8873 147
8872 138
8871 149
8870 139
8869 133
8868 137
8867 141
8866 139
8865 139
8864 149
8863 135
8862 138
8861 139
8860 138
8859 145
8858 125
8857 135
8856 134
8855 137
8854 137
8853 137
8852 138
8851 137
8850 139
8849 137
8848 141
8847 142
8846 141
8845 137
8844 137
8843 137
8842 136
8841 137
8840 140
8839 137
8838 146
8837 136
8836 136
8835 138
8834 139
8833 139
8832 137
8831 138
8830 139
8829 137
8828 133
8827 137
8826 144
8825 145
8824 146
8823 137
8822 138
8821 139
8820 138
8819 134
8818 137
8817 136
8816 139
8815 141
8814 139
8813 136
8812 138
8811 146
8810 140
8809 146
8808 140
8807 138
8806 138
8805 137
8804 145
8803 136
8802 136
8801 138
8800 138
8799 139
8798 136
8797 134
8796 145
8795 141
8794 138
8793 138
8792 137
8791 136
8790 138
8789 138
8788 139
8787 137
8786 144
8785 136
8784 138
8783 140
8782 139
8781 136
8780 136
8779 138
8778 139
8777 138
8776 147
8775 143
8774 149
8773 139
8772 136
8771 139
8770 137
8769 136
8768 140
8767 140
8766 140
8765 146
8764 139
8763 147
8762 142
8761 135
8760 139
8759 137
8758 139
8757 135
8756 140
8755 137
8754 149
8753 138
8752 134
8751 146
8750 146
8749 138
8748 139
8747 134
8746 138
8745 137
8744 138
8743 146
8742 140
8741 137
8740 136
8739 138
8738 136
8737 141
8736 138
8735 138
8734 147
8733 140
8732 137
8731 139
8730 137
8729 142
8728 138
8727 137
8726 140
8725 138
8724 135
8723 145
8722 139
8721 135
8720 140
8719 138
8718 139
8717 136
8716 148
8715 137
8714 146
8713 141
8712 139
8711 136
8710 134
8709 135
8708 136
8707 133
8706 138
8705 136
8704 137
8703 150
8702 137
8701 135
8700 149
8699 146
8698 135
8697 139
8696 140
8695 140
8694 138
8693 138
8692 140
8691 140
8690 133
8689 140
8688 140
8687 142
8686 131
8685 139
8684 140
8683 137
8682 137
8681 139
8680 139
8679 136
8678 125
8677 139
8676 139
8675 138
8674 138
8673 140
8672 137
8671 137
8670 136
8669 140
8668 137
8667 140
8666 138
8665 138
8664 137
8663 138
8662 139
8661 138
8660 140
8659 139
8658 139
8657 145
8656 138
8655 140
8654 138
8653 136
8652 140
8651 139
8650 145
8649 138
8648 138
8647 137
8646 138
8645 138
8644 138
8643 137
8642 139
8641 137
8640 140
8639 137
8638 138
8637 146
8636 146
8635 137
8634 138
8633 135
8632 139
8631 146
8630 141
8629 137
8628 136
8627 137
8626 141
8625 147
8624 137
8623 146
8622 127
8621 140
8620 147
8619 138
8618 137
8617 137
8616 141
8615 138
8614 136
8613 139
8612 138
8611 139
8610 137
8609 139
8608 137
8607 135
8606 135
8605 136
8604 137
8603 136
8602 141
8601 138
8600 141
8599 135
8598 139
8597 138
8596 135
8595 139
8594 142
8593 141
8592 137
8591 138
8590 137
8589 138
8588 135
8587 135
8586 140
8585 137
8584 135
8583 138
8582 138
8581 121
8580 136
8579 145
8578 136
8577 140
8576 139
8575 140
8574 137
8573 148
8572 137
8571 136
8570 138
8569 139
8568 140
8567 135
8566 138
8565 139
8564 136
8563 138
8562 137
8561 140
8560 139
8559 140
8558 140
8557 135
8556 137
8555 140
8554 141
8553 140
8552 138
8551 137
8550 141
8549 137
8548 137
8547 134
8546 140
8545 138
8544 137
8543 138
8542 138
8541 141
8540 138
8539 136
8538 139
8537 139
8536 136
8535 137
8534 134
8533 139
8532 139
8531 136
8530 147
8529 139
8528 138
8527 136
8526 138
8525 140
8524 148
8523 144
8522 135
8521 125
8520 137
8519 138
8518 136
8517 137
8516 138
8515 137
8514 142
8513 148
8512 136
8511 138
8510 139
8509 139
8508 135
8507 139
8506 146
8505 136
8504 139
8503 139
8502 147
8501 136
8500 136
8499 139
8498 144
8497 136
8496 140
8495 141
8494 140
8493 141
8492 137
8491 136
8490 139
8489 137
8488 136
8487 139
8486 135
8485 136
8484 137
8483 145
8482 139
8481 137
8480 137
8479 142
8478 136
8477 138
8476 137
8475 139
8474 137
8473 137
8472 136
8471 137
8470 138
8469 141
8468 138
8467 138
8466 136
8465 139
8464 141
8463 135
8462 137
8461 139
8460 135
8459 138
8458 137
8457 138
8456 137
8455 140
8454 140
8453 136
8452 138
8451 136
8450 134
8449 138
8448 141
8447 140
8446 139
8445 139
8444 139
8443 139
8442 134
8441 135
8440 136
8439 139
8438 135
8437 137
8436 135
8435 139
8434 141
8433 134
8432 135
8431 139
8430 136
8429 140
8428 133
8427 145
8426 139
8425 138
8424 134
8423 139
8422 136
8421 138
8420 137
8419 126
8418 139
8417 137
8416 141
8415 139
8414 139
8413 140
8412 138
8411 138
8410 135
8409 138
8408 137
8407 136
8406 139
8405 138
8404 135
8403 138
8402 139
8401 135
8400 137
8399 137
8398 138
8397 140
8396 139
8395 137
8394 136
8393 139
8392 139
8391 139
8390 139
8389 141
8388 138
8387 136
8386 136
8385 140
8384 135
8383 124
8382 133
8381 126
8380 136
8379 135
8378 136
8377 137
8376 139
8375 138
8374 139
8373 137
8372 135
8371 137
8370 138
8369 135
8368 139
8367 138
8366 136
8365 135
8364 146
8363 139
8362 136
8361 141
8360 137
8359 136
8358 137
8357 141
8356 136
8355 139
8354 137
8353 137
8352 135
8351 135
8350 136
8349 137
8348 137
8347 137
8346 135
8345 141
8344 140
8343 136
8342 138
8341 136
8340 138
8339 134
8338 137
8337 136
8336 138
8335 137
8334 134
8333 135
8332 135
8331 137
8330 147
8329 139
8328 133
8327 141
8326 138
8325 135
8324 138
8323 138
8322 137
8321 137
8320 138
8319 139
8318 140
8317 137
8316 136
8315 138
8314 138
8313 141
8312 141
8311 138
8310 137
8309 134
8308 138
8307 138
8306 138
8305 139
8304 137
8303 138
8302 136
8301 139
8300 137
8299 137
8298 134
8297 138
8296 138
8295 136
8294 140
8293 141
8292 141
8291 137
8290 139
8289 115
8288 138
8287 132
8286 136
8285 140
8284 136
8283 139
8282 140
8281 139
8280 140
8279 135
8278 138
8277 137
8276 135
8275 136
8274 140
8273 139
8272 138
8271 136
8270 138
8269 138
8268 137
8267 137
8266 139
8265 140
8264 138
8263 134
8262 138
8261 141
8260 138
8259 135
8258 138
8257 137
8256 137
8255 133
8254 138
8253 140
8252 140
8251 139
8250 138
8249 139
8248 137
8247 136
8246 135
8245 138
8244 139
8243 134
8242 134
8241 142
8240 141
8239 137
8238 138
8237 140
8236 136
8235 141
8234 139
8233 138
8232 137
8231 139
8230 138
8229 134
8228 137
8227 140
8226 136
8225 135
8224 139
8223 134
8222 139
8221 138
8220 136
8219 137
8218 137
8217 138
8216 136
8215 139
8214 140
8213 138
8212 139
8211 138
8210 137
8209 139
8208 139
8207 136
8206 138
8205 136
8204 139
8203 134
8202 138
8201 137
8200 140
8199 138
8198 137
8197 134
8196 143
8195 137
8194 139
8193 132
8192 139
8191 135
8190 133
8189 140
8188 126
8187 137
8186 137
8185 138
8184 135
8183 136
8182 136
8181 138
8180 134
8179 139
8178 139
8177 138
8176 141
8175 137
8174 138
8173 137
8172 137
8171 140
8170 132
8169 137
8168 136
8167 138
8166 140
8165 134
8164 140
8163 137
8162 137
8161 139
8160 139
8159 137
8158 133
8157 134
8156 123
8155 135
8154 137
8153 138
8152 140
8151 136
8150 135
8149 139
8148 136
8147 138
8146 137
8145 139
8144 139
8143 138
8142 136
8141 140
8140 141
8139 138
8138 139
8137 137
8136 136
8135 127
8134 138
8133 138
8132 135
8131 140
8130 137
8129 127
8128 136
8127 138
8126 138
8125 136
8124 136
8123 138
8122 136
8121 134
8120 140
8119 138
8118 141
8117 138
8116 137
8115 134
8114 138
8113 137
8112 138
8111 137
8110 137
8109 140
8108 136
8107 138
8106 138
8105 142
8104 137
8103 139
8102 136
8101 137
8100 140
8099 135
8098 139
8097 134
8096 137
8095 133
8094 138
8093 135
8092 138
8091 135
8090 138
8089 134
8088 135
8087 135
8086 139
8085 140
8084 136
8083 136
8082 143
8081 138
8080 142
8079 137
8078 138
8077 136
8076 135
8075 135
8074 134
8073 136
8072 139
8071 139
8070 135
8069 140
8068 139
8067 137
8066 138
8065 136
8064 140
8063 139
8062 124
8061 134
8060 136
8059 139
8058 137
8057 139
8056 136
8055 138
8054 133
8053 138
8052 139
8051 138
8050 137
8049 139
8048 136
8047 141
8046 138
8045 139
8044 138
8043 132
8042 138
8041 133
8040 137
8039 133
8038 137
8037 138
8036 135
8035 138
8034 138
8033 137
8032 139
8031 128
8030 139
8029 125
8028 130
8027 130
8026 138
8025 140
8024 138
8023 136
8022 139
8021 136
8020 137
8019 137
8018 137
8017 137
8016 139
8015 136
8014 139
8013 137
8012 138
8011 140
8010 139
8009 138
8008 137
8007 139
8006 138
8005 138
8004 137
8003 137
8002 137
8001 134
8000 136
7999 138
7998 138
7997 137
7996 137
7995 139
7994 136
7993 138
7992 139
7991 137
7990 134
7989 142
7988 137
7987 138
7986 133
7985 135
7984 141
7983 124
7982 138
7981 135
7980 136
7979 141
7978 139
7977 136
7976 139
7975 135
7974 136
7973 139
7972 141
7971 139
7970 137
7969 138
7968 139
7967 139
7966 140
7965 139
7964 138
7963 136
7962 138
7961 140
7960 140
7959 138
7958 138
7957 130
7956 140
7955 138
7954 139
7953 138
7952 138
7951 138
7950 133
7949 134
7948 128
7947 137
7946 135
7945 140
7944 135
7943 138
7942 138
7941 137
7940 139
7939 139
7938 138
7937 133
7936 136
7935 130
7934 137
7933 141
7932 138
7931 141
7930 139
7929 138
7928 130
7927 137
7926 138
7925 136
7924 137
7923 137
7922 136
7921 139
7920 138
7919 139
7918 138
7917 138
7916 135
7915 138
7914 137
7913 137
7912 138
7911 137
7910 138
7909 135
7908 138
7907 136
7906 140
7905 138
7904 139
7903 135
7902 138
7901 138
7900 137
7899 137
7898 140
7897 135
7896 135
7895 134
7894 140
7893 138
7892 127
7891 138
7890 135
7889 136
7888 139
7887 137
7886 137
7885 139
7884 137
7883 139
7882 141
7881 138
7880 140
7879 138
7878 139
7877 130
7876 139
7875 131
7874 136
7873 137
7872 135
7871 134
7870 139
7869 137
7868 138
7867 139
7866 136
7865 137
7864 135
7863 129
7862 130
7861 137
7860 138
7859 139
7858 138
7857 139
7856 129
7855 139
7854 133
7853 136
7852 134
7851 140
7850 132
7849 137
7848 136
7847 135
7846 133
7845 139
7844 140
7843 137
7842 136
7841 138
7840 139
7839 136
7838 137
7837 137
7836 141
7835 139
7834 138
7833 135
7832 137
7831 133
7830 127
7829 138
7828 135
7827 140
7826 138
7825 137
7824 138
7823 141
7822 138
7821 134
7820 137
7819 138
7818 136
7817 136
7816 137
7815 138
7814 138
7813 140
7812 136
7811 138
7810 136
7809 130
7808 136
7807 137
7806 136
7805 134
7804 135
7803 140
7802 140
7801 139
7800 129
7799 138
7798 139
7797 136
7796 135
7795 139
7794 137
7793 139
7792 139
7791 128
7790 133
7789 136
7788 136
7787 138
7786 136
7785 139
7784 135
7783 137
7782 136
7781 136
7780 137
7779 136
7778 138
7777 140
7776 137
7775 136
7774 138
7773 136
7772 138
7771 138
7770 134
7769 124
7768 138
7767 140
7766 136
7765 129
7764 137
7763 137
7762 139
7761 134
7760 134
7759 138
7758 136
7757 136
7756 140
7755 136
7754 138
7753 138
7752 136
7751 134
7750 139
7749 138
7748 140
7747 137
7746 137
7745 140
7744 138
7743 131
7742 137
7741 138
7740 138
7739 137
7738 136
7737 141
7736 129
7735 135
7734 137
7733 138
7732 135
7731 138
7730 138
7729 130
7728 139
7727 137
7726 136
7725 135
7724 134
7723 135
7722 137
7721 137
7720 137
7719 136
7718 135
7717 137
7716 135
7715 140
7714 127
7713 137
7712 135
7711 137
7710 137
7709 138
7708 139
7707 140
7706 137
7705 138
7704 139
7703 137
7702 129
7701 139
7700 136
7699 129
7698 136
7697 138
7696 140
7695 140
7694 138
7693 139
7692 137
7691 133
7690 135
7689 128
7688 135
7687 137
7686 122
7685 139
7684 136
7683 141
7682 131
7681 137
7680 128
7679 139
7678 136
7677 138
7676 136
7675 132
7674 129
7673 136
7672 137
7671 136
7670 137
7669 136
7668 130
7667 136
7666 138
7665 138
7664 139
7663 141
7662 127
7661 139
7660 137
7659 136
7658 139
7657 139
7656 137
7655 138
7654 136
7653 136
7652 136
7651 139
7650 128
7649 141
7648 139
7647 138
7646 139
7645 138
7644 136
7643 139
7642 139
7641 136
7640 138
7639 140
7638 138
7637 138
7636 140
7635 135
7634 136
7633 138
7632 127
7631 142
7630 139
7629 139
7628 137
7627 134
7626 136
7625 141
7624 129
7623 135
7622 136
7621 133
7620 129
7619 139
7618 139
7617 137
7616 140
7615 139
7614 133
7613 135
7612 137
7611 136
7610 139
7609 136
7608 139
7607 128
7606 140
7605 138
7604 136
7603 134
7602 139
7601 129
7600 137
7599 136
7598 138
7597 140
7596 133
7595 138
7594 138
7593 135
7592 136
7591 140
7590 139
7589 136
7588 135
7587 133
7586 137
7585 137
7584 140
7583 136
7582 138
7581 139
7580 139
7579 138
7578 137
7577 127
7576 137
7575 129
7574 140
7573 137
7572 136
7571 140
7570 140
7569 135
7568 139
7567 132
7566 140
7565 133
7564 139
7563 137
7562 134
7561 137
7560 139
7559 138
7558 133
7557 138
7556 136
7555 138
7554 139
7553 138
7552 127
7551 135
7550 138
7549 129
7548 134
7547 134
7546 138
7545 138
7544 136
7543 135
7542 137
7541 134
7540 138
7539 137
7538 138
7537 136
7536 135
7535 135
7534 137
7533 138
7532 136
7531 130
7530 139
7529 138
7528 139
7527 135
7526 128
7525 136
7524 136
7523 141
7522 136
7521 135
7520 133
7519 137
7518 136
7517 133
7516 134
7515 138
7514 137
7513 138
7512 140
7511 134
7510 135
7509 128
7508 138
7507 128
7506 141
7505 138
7504 138
7503 139
7502 136
7501 135
7500 139
7499 139
7498 136
7497 138
7496 138
7495 133
7494 135
7493 137
7492 135
7491 128
7490 137
7489 130
7488 136
7487 139
7486 137
7485 139
7484 138
7483 139
7482 138
7481 140
7480 140
7479 135
7478 137
7477 136
7476 129
7475 136
7474 131
7473 137
7472 139
7471 135
7470 138
7469 138
7468 140
7467 134
7466 131
7465 130
7464 140
7463 136
7462 128
7461 133
7460 137
7459 139
7458 135
7457 136
7456 138
7455 137
7454 127
7453 133
7452 139
7451 139
7450 137
7449 128
7448 138
7447 137
7446 137
7445 140
7444 129
7443 137
7442 130
7441 141
7440 137
7439 125
7438 136
7437 135
7436 140
7435 139
7434 140
7433 138
7432 140
7431 135
7430 137
7429 140
7428 138
7427 138
7426 134
7425 140
7424 139
7423 129
7422 126
7421 139
7420 136
7419 139
7418 138
7417 137
7416 138
7415 137
7414 138
7413 138
7412 137
7411 137
7410 133
7409 138
7408 140
7407 138
7406 136
7405 138
7404 127
7403 137
7402 135
7401 142
7400 138
7399 139
7398 138
7397 140
7396 138
7395 131
7394 136
7393 137
7392 127
7391 137
7390 137
7389 138
7388 138
7387 140
7386 137
7385 138
7384 135
7383 135
7382 126
7381 131
7380 125
7379 139
7378 130
7377 137
7376 134
7375 137
7374 139
7373 138
7372 138
7371 140
7370 133
7369 139
7368 135
7367 135
7366 138
7365 135
7364 137
7363 138
7362 135
7361 138
7360 130
7359 137
7358 132
7357 135
7356 134
7355 139
7354 139
7353 132
7352 140
7351 139
7350 137
7349 136
7348 128
7347 138
7346 137
7345 137
7344 139
7343 138
7342 138
7341 139
7340 140
7339 139
7338 138
7337 128
7336 136
7335 137
7334 137
7333 140
7332 138
7331 124
7330 136
7329 136
7328 135
7327 138
7326 136
7325 128
7324 136
7323 129
7322 137
7321 138
7320 138
7319 136
7318 138
7317 136
7316 128
7315 139
7314 134
7313 130
7312 136
7311 137
7310 137
7309 131
7308 140
7307 138
7306 141
7305 140
7304 137
7303 137
7302 129
7301 139
7300 134
7299 128
7298 140
7297 138
7296 135
7295 129
7294 128
7293 139
7292 127
7291 140
7290 128
7289 137
7288 139
7287 137
7286 139
7285 128
7284 137
7283 137
7282 136
7281 129
7280 137
7279 137
7278 127
7277 127
7276 126
7275 141
7274 127
7273 129
7272 126
7271 136
7270 139
7269 128
7268 137
7267 126
7266 135
7265 136
7264 137
7263 139
7262 140
7261 140
7260 135
7259 138
7258 138
7257 130
7256 136
7255 135
7254 137
7253 135
7252 129
7251 136
7250 136
7249 138
7248 138
7247 136
7246 127
7245 136
7244 136
7243 136
7242 138
7241 137
7240 129
7239 136
7238 136
7237 138
7236 137
7235 129
7234 128
7233 138
7232 129
7231 131
7230 135
7229 136
7228 142
7227 128
7226 138
7225 138
7224 135
7223 131
7222 139
7221 126
7220 138
7219 136
7218 130
7217 138
7216 128
7215 137
7214 129
7213 142
7212 129
7211 139
7210 134
7209 135
7208 138
7207 135
7206 135
7205 134
7204 135
7203 138
7202 137
7201 136
7200 141
7199 136
7198 138
7197 135
7196 138
7195 137
7194 136
7193 141
7192 137
7191 133
7190 126
7189 131
7188 134
7187 140
7186 137
7185 135
7184 129
7183 139
7182 140
7181 138
7180 128
7179 129
7178 127
7177 139
7176 136
7175 137
7174 138
7173 130
7172 136
7171 133
7170 133
7169 137
7168 136
7167 126
7166 138
7165 138
7164 129
7163 137
7162 139
7161 131
7160 137
7159 137
7158 128
7157 137
7156 135
7155 137
7154 139
7153 138
7152 138
7151 134
7150 139
7149 136
7148 138
7147 136
7146 135
7145 127
7144 128
7143 139
7142 138
7141 135
7140 136
7139 131
7138 134
7137 135
7136 135
7135 133
7134 132
7133 137
7132 141
7131 122
7130 128
7129 132
7128 132
7127 137
7126 136
7125 138
7124 140
7123 139
7122 138
7121 130
7120 140
7119 135
7118 135
7117 138
7116 139
7115 131
7114 134
7113 138
7112 137
7111 129
7110 137
7109 130
7108 134
7107 137
7106 138
7105 127
7104 139
7103 138
7102 127
7101 138
7100 140
7099 137
7098 135
7097 137
7096 138
7095 138
7094 125
7093 125
7092 130
7091 131
7090 136
7089 138
7088 132
7087 139
7086 135
7085 139
7084 136
7083 130
7082 137
7081 128
7080 139
7079 138
7078 129
7077 136
7076 138
7075 134
7074 136
7073 116
7072 135
7071 136
7070 138
7069 135
7068 129
7067 137
7066 123
7065 133
7064 135
7063 129
7062 135
7061 136
7060 139
7059 135
7058 129
7057 138
7056 138
7055 138
7054 135
7053 138
7052 134
7051 129
7050 137
7049 137
7048 136
7047 138
7046 136
7045 138
7044 136
7043 129
7042 136
7041 140
7040 136
7039 140
7038 137
7037 128
7036 137
7035 135
7034 139
7033 139
7032 137
7031 135
7030 135
7029 135
7028 128
7027 136
7026 138
7025 135
7024 141
7023 126
7022 135
7021 140
7020 127
7019 133
7018 127
7017 134
7016 135
7015 135
7014 135
7013 125
7012 137
7011 135
7010 135
7009 139
7008 135
7007 127
7006 138
7005 136
7004 127
7003 139
7002 138
7001 129
7000 137
6999 136
6998 136
6997 124
6996 138
6995 137
6994 136
6993 139
6992 135
6991 137
6990 137
6989 138
6988 129
6987 135
6986 141
6985 136
6984 137
6983 128
6982 136
6981 128
6980 139
6979 136
6978 129
6977 139
6976 128
6975 126
6974 136
6973 138
6972 138
6971 135
6970 137
6969 134
6968 136
6967 128
6966 137
6965 130
6964 138
6963 137
6962 136
6961 137
6960 140
6959 135
6958 135
6957 130
6956 138
6955 136
6954 134
6953 125
6952 134
6951 135
6950 136
6949 134
6948 139
6947 135
6946 138
6945 137
6944 140
6943 139
6942 136
6941 139
6940 140
6939 127
6938 134
6937 141
6936 138
6935 127
6934 137
6933 127
6932 139
6931 137
6930 126
6929 135
6928 139
6927 137
6926 136
6925 138
6924 133
6923 125
6922 135
6921 137
6920 136
6919 129
6918 138
6917 128
6916 126
6915 139
6914 138
6913 135
6912 128
6911 127
6910 136
6909 133
6908 137
6907 139
6906 137
6905 137
6904 140
6903 135
6902 136
6901 139
6900 131
6899 128
6898 130
6897 130
6896 138
6895 137
6894 138
6893 135
6892 137
6891 139
6890 138
6889 140
6888 139
6887 128
6886 136
6885 135
6884 139
6883 135
6882 137
6881 127
6880 137
6879 138
6878 128
6877 139
6876 128
6875 130
6874 139
6873 123
6872 134
6871 134
6870 134
6869 139
6868 139
6867 139
6866 141
6865 137
6864 138
6863 137
6862 133
6861 136
6860 137
6859 136
6858 129
6857 137
6856 138
6855 136
6854 139
6853 137
6852 136
6851 137
6850 138
6849 139
6848 136
6847 127
6846 129
6845 138
6844 138
6843 139
6842 136
6841 135
6840 137
6839 136
6838 137
6837 128
6836 136
6835 139
6834 138
6833 138
6832 135
6831 137
6830 135
6829 129
6828 137
6827 138
6826 135
6825 138
6824 130
6823 127
6822 138
6821 136
6820 126
6819 134
6818 138
6817 137
6816 138
6815 138
6814 127
6813 137
6812 129
6811 136
6810 128
6809 127
6808 130
6807 140
6806 137
6805 138
6804 139
6803 139
6802 136
6801 137
6800 137
6799 138
6798 137
6797 137
6796 136
6795 136
6794 139
6793 127
6792 135
6791 126
6790 136
6789 137
6788 129
6787 127
6786 137
6785 139
6784 135
6783 136
6782 139
6781 122
6780 124
6779 134
6778 133
6777 127
6776 126
6775 135
6774 138
6773 136
6772 134
6771 137
6770 138
6769 128
6768 140
6767 134
6766 127
6765 140
6764 138
6763 133
6762 139
6761 136
6760 137
6759 129
6758 137
6757 130
6756 141
6755 138
6754 133
6753 128
6752 137
6751 127
6750 130
6749 138
6748 136
6747 126
6746 133
6745 134
6744 133
6743 128
6742 135
6741 125
6740 128
6739 138
6738 128
6737 128
6736 137
6735 138
6734 136
6733 127
6732 138
6731 129
6730 138
6729 134
6728 138
6727 138
6726 130
6725 129
6724 129
6723 137
6722 136
6721 129
6720 131
6719 140
6718 128
6717 130
6716 137
6715 129
6714 132
6713 136
6712 128
6711 138
6710 138
6709 135
6708 130
6707 128
6706 129
6705 129
6704 130
6703 139
6702 132
6701 139
6700 135
6699 138
6698 128
6697 139
6696 135
6695 139
6694 138
6693 136
6692 129
6691 139
6690 137
6689 135
6688 126
6687 138
6686 137
6685 137
6684 135
6683 141
6682 123
6681 129
6680 137
6679 129
6678 138
6677 137
6676 140
6675 129
6674 137
6673 129
6672 140
6671 138
6670 127
6669 138
6668 136
6667 132
6666 136
6665 137
6664 128
6663 139
6662 138
6661 125
6660 133
6659 125
6658 134
6657 132
6656 128
6655 134
6654 127
6653 128
6652 137
6651 125
6650 142
6649 139
6648 138
6647 127
6646 135
6645 128
6644 128
6643 135
6642 130
6641 128
6640 136
6639 128
6638 138
6637 140
6636 136
6635 129
6634 138
6633 136
6632 130
6631 129
6630 137
6629 138
6628 136
6627 136
6626 127
6625 137
6624 136
6623 140
6622 139
6621 138
6620 140
6619 138
6618 138
6617 129
6616 130
6615 139
6614 130
6613 136
6612 134
6611 129
6610 137
6609 128
6608 125
6607 128
6606 126
6605 135
6604 129
6603 136
6602 137
6601 136
6600 138
6599 130
6598 128
6597 138
6596 137
6595 127
6594 140
6593 128
6592 138
6591 129
6590 140
6589 128
6588 138
6587 135
6586 137
6585 136
6584 134
6583 137
6582 138
6581 128
6580 136
6579 128
6578 137
6577 128
6576 137
6575 136
6574 128
6573 132
6572 134
6571 139
6570 138
6569 138
6568 137
6567 125
6566 135
6565 138
6564 138
6563 135
6562 134
6561 126
6560 138
6559 136
6558 141
6557 126
6556 135
6555 138
6554 127
6553 135
6552 126
6551 135
6550 135
6549 138
6548 137
6547 133
6546 141
6545 124
6544 138
6543 127
6542 129
6541 136
6540 138
6539 127
6538 141
6537 131
6536 128
6535 136
6534 137
6533 139
6532 139
6531 129
6530 129
6529 138
6528 129
6527 136
6526 129
6525 136
6524 127
6523 136
6522 139
6521 140
6520 136
6519 136
6518 137
6517 125
6516 136
6515 136
6514 133
6513 127
6512 129
6511 136
6510 128
6509 135
6508 137
6507 140
6506 136
6505 140
6504 138
6503 138
6502 135
6501 135
6500 137
6499 131
6498 129
6497 136
6496 128
6495 138
6494 138
6493 135
6492 134
6491 128
6490 138
6489 131
6488 135
6487 135
6486 138
6485 140
6484 137
6483 139
6482 128
6481 133
6480 138
6479 129
6478 140
6477 137
6476 136
6475 124
6474 126
6473 127
6472 129
6471 125
6470 135
6469 129
6468 139
6467 134
6466 136
6465 135
6464 128
6463 140
6462 137
6461 139
6460 128
6459 140
6458 137
6457 129
6456 138
6455 140
6454 135
6453 126
6452 137
6451 135
6450 125
6449 139
6448 126
6447 127
6446 130
6445 124
6444 136
6443 139
6442 137
6441 128
6440 127
6439 136
6438 127
6437 134
6436 136
6435 127
6434 125
6433 130
6432 127
6431 135
6430 137
6429 138
6428 135
6427 137
6426 130
6425 137
6424 137
6423 135
6422 136
6421 136
6420 136
6419 127
6418 139
6417 130
6416 138
6415 138
6414 138
6413 127
6412 129
6411 127
6410 137
6409 137
6408 136
6407 137
6406 139
6405 137
6404 138
6403 137
6402 125
6401 129
6400 137
6399 129
6398 136
6397 126
6396 130
6395 139
6394 127
6393 127
6392 127
6391 126
6390 138
6389 129
6388 136
6387 135
6386 138
6385 136
6384 137
6383 139
6382 137
6381 127
6380 137
6379 137
6378 127
6377 126
6376 129
6375 132
6374 130
6373 130
6372 137
6371 127
6370 138
6369 130
6368 127
6367 134
6366 126
6365 137
6364 128
6363 127
6362 139
6361 131
6360 142
6359 134
6358 141
6357 138
6356 140
6355 137
6354 127
6353 129
6352 138
6351 133
6350 139
6349 138
6348 130
6347 135
6346 136
6345 128
6344 140
6343 123
6342 134
6341 125
6340 127
6339 133
6338 136
6337 130
6336 128
6335 137
6334 129
6333 126
6332 135
6331 129
6330 139
6329 129
6328 129
6327 128
6326 128
6325 128
6324 138
6323 139
6322 131
6321 137
6320 136
6319 129
6318 138
6317 136
6316 138
6315 129
6314 127
6313 128
6312 137
6311 126
6310 137
6309 138
6308 128
6307 138
6306 137
6305 130
6304 126
6303 136
6302 139
6301 131
6300 129
6299 129
6298 134
6297 140
6296 135
6295 129
6294 129
6293 127
6292 123
6291 131
6290 135
6289 138
6288 127
6287 129
6286 138
6285 136
6284 129
6283 127
6282 131
6281 123
6280 129
6279 135
6278 128
6277 130
6276 138
6275 135
6274 142
6273 138
6272 136
6271 136
6270 133
6269 125
6268 136
6267 135
6266 130
6265 138
6264 128
6263 127
6262 128
6261 136
6260 136
6259 137
6258 138
6257 127
6256 126
6255 129
6254 129
6253 128
6252 130
6251 139
6250 134
6249 139
6248 126
6247 136
6246 127
6245 136
6244 137
6243 128
6242 127
6241 140
6240 129
6239 128
6238 133
6237 130
6236 127
6235 128
6234 136
6233 126
6232 140
6231 126
6230 134
6229 128
6228 129
6227 139
6226 136
6225 129
6224 128
6223 136
6222 129
6221 129
6220 133
6219 135
6218 135
6217 136
6216 137
6215 126
6214 129
6213 139
6212 128
6211 123
6210 138
6209 136
6208 128
6207 131
6206 136
6205 137
6204 138
6203 126
6202 128
6201 136
6200 127
6199 138
6198 126
6197 126
6196 135
6195 136
6194 129
6193 127
6192 137
6191 138
6190 134
6189 132
6188 126
6187 136
6186 133
6185 137
6184 139
6183 132
6182 134
6181 137
6180 128
6179 137
6178 139
6177 134
6176 137
6175 138
6174 130
6173 128
6172 129
6171 136
6170 136
6169 136
6168 128
6167 136
6166 138
6165 138
6164 141
6163 140
6162 136
6161 137
6160 129
6159 138
6158 135
6157 128
6156 134
6155 135
6154 130
6153 129
6152 125
6151 135
6150 138
6149 129
6148 130
6147 137
6146 136
6145 135
6144 127
6143 127
6142 138
6141 137
6140 130
6139 131
6138 128
6137 132
6136 134
6135 130
6134 135
6133 129
6132 129
6131 138
6130 129
6129 137
6128 138
6127 135
6126 132
6125 136
6124 134
6123 139
6122 136
6121 125
6120 136
6119 137
6118 139
6117 139
6116 134
6115 140
6114 134
6113 138
6112 136
6111 127
6110 128
6109 125
6108 126
6107 140
6106 128
6105 137
6104 128
6103 126
6102 140
6101 134
6100 138
6099 137
6098 136
6097 136
6096 137
6095 137
6094 128
6093 137
6092 128
6091 137
6090 127
6089 138
6088 140
6087 135
6086 134
6085 129
6084 138
6083 137
6082 138
6081 140
6080 127
6079 137
6078 134
6077 137
6076 135
6075 129
6074 137
6073 128
6072 126
6071 137
6070 137
6069 136
6068 126
6067 134
6066 130
6065 137
6064 137
6063 127
6062 138
6061 137
6060 136
6059 128
6058 129
6057 136
6056 130
6055 140
6054 136
6053 133
6052 139
6051 139
6050 136
6049 131
6048 127
6047 136
6046 128
6045 129
6044 125
6043 130
6042 127
6041 128
6040 139
6039 133
6038 128
6037 128
6036 125
6035 136
6034 125
6033 128
6032 135
6031 138
6030 130
6029 134
6028 128
6027 139
6026 136
6025 131
6024 129
6023 132
6022 138
6021 130
6020 129
6019 137
6018 139
6017 127
6016 137
6015 125
6014 133
6013 130
6012 138
6011 138
6010 129
6009 127
6008 138
6007 129
6006 126
6005 128
6004 135
6003 125
6002 137
6001 132
6000 137
5999 137
5998 138
5997 137
5996 141
5995 138
5994 126
5993 131
5992 127
5991 129
5990 138
5989 126
5988 139
5987 126
5986 129
5985 135
5984 134
5983 133
5982 140
5981 138
5980 138
5979 126
5978 136
5977 139
5976 139
5975 134
5974 134
5973 128
5972 140
5971 136
5970 129
5969 127
5968 127
5967 126
5966 128
5965 126
5964 127
5963 130
5962 139
5961 138
5960 139
5959 125
5958 131
5957 139
5956 137
5955 127
5954 139
5953 127
5952 135
5951 137
5950 129
5949 136
5948 140
5947 138
5946 140
5945 130
5944 128
5943 135
5942 137
5941 135
5940 129
5939 128
5938 136
5937 138
5936 137
5935 128
5934 128
5933 139
5932 129
5931 134
5930 139
5929 127
5928 128
5927 128
5926 128
5925 127
5924 138
5923 132
5922 131
5921 127
5920 127
5919 134
5918 128
5917 126
5916 135
5915 137
5914 126
5913 136
5912 127
5911 135
5910 127
5909 137
5908 138
5907 128
5906 139
5905 126
5904 127
5903 129
5902 141
5901 135
5900 135
5899 126
5898 127
5897 134
5896 129
5895 129
5894 138
5893 132
5892 127
5891 126
5890 130
5889 130
5888 137
5887 138
5886 127
5885 137
5884 137
5883 130
5882 136
5881 139
5880 130
5879 134
5878 136
5877 132
5876 126
5875 135
5874 133
5873 130
5872 139
5871 133
5870 137
5869 136
5868 134
5867 135
5866 138
5865 129
5864 123
5863 140
5862 129
5861 129
5860 129
5859 127
5858 129
5857 137
5856 128
5855 136
5854 136
5853 126
5852 124
5851 136
5850 128
5849 137
5848 126
5847 128
5846 140
5845 138
5844 130
5843 132
5842 130
5841 127
5840 127
5839 137
5838 135
5837 139
5836 136
5835 138
5834 128
5833 138
5832 139
5831 126
5830 129
5829 137
5828 128
5827 127
5826 134
5825 137
5824 128
5823 130
5822 129
5821 135
5820 137
5819 127
5818 125
5817 134
5816 136
5815 126
5814 128
5813 126
5812 128
5811 123
5810 126
5809 126
5808 134
5807 136
5806 139
5805 136
5804 129
5803 134
5802 139
5801 134
5800 128
5799 137
5798 128
5797 128
5796 125
5795 127
5794 137
5793 133
5792 137
5791 138
5790 130
5789 139
5788 128
5787 134
5786 129
5785 137
5784 128
5783 128
5782 138
5781 136
5780 136
5779 129
5778 137
5777 137
5776 127
5775 139
5774 129
5773 128
5772 123
5771 134
5770 130
5769 140
5768 127
5767 128
5766 138
5765 137
5764 134
5763 132
5762 132
5761 139
5760 131
5759 137
5758 137
5757 126
5756 137
5755 130
5754 127
5753 139
5752 140
5751 137
5750 129
5749 136
5748 138
5747 137
5746 141
5745 130
5744 138
5743 129
5742 137
5741 139
5740 128
5739 137
5738 126
5737 134
5736 129
5735 129
5734 138
5733 135
5732 128
5731 135
5730 134
5729 136
5728 130
5727 129
5726 127
5725 130
5724 128
5723 127
5722 124
5721 136
5720 131
5719 130
5718 136
5717 131
5716 126
5715 128
5714 136
5713 137
5712 128
5711 137
5710 140
5709 129
5708 128
5707 133
5706 129
5705 136
5704 126
5703 128
5702 126
5701 126
5700 128
5699 127
5698 128
5697 139
5696 129
5695 131
5694 132
5693 139
5692 126
5691 133
5690 129
5689 137
5688 141
5687 137
5686 128
5685 141
5684 131
5683 134
5682 126
5681 135
5680 128
5679 126
5678 139
5677 128
5676 123
5675 128
5674 136
5673 127
5672 127
5671 138
5670 138
5669 135
5668 134
5667 137
5666 128
5665 126
5664 122
5663 125
5662 138
5661 127
5660 129
5659 129
5658 129
5657 123
5656 126
5655 128
5654 129
5653 136
5652 126
5651 128
5650 137
5649 128
5648 127
5647 129
5646 128
5645 137
5644 129
5643 127
5642 137
5641 138
5640 130
5639 139
5638 124
5637 139
5636 136
5635 135
5634 137
5633 135
5632 138
5631 128
5630 132
5629 138
5628 137
5627 130
5626 138
5625 127
5624 134
5623 126
5622 127
5621 125
5620 137
5619 128
5618 128
5617 137
5616 126
5615 134
5614 133
5613 134
5612 124
5611 134
5610 135
5609 138
5608 137
5607 113
5606 137
5605 128
5604 138
5603 134
5602 130
5601 137
5600 127
5599 137
5598 127
5597 138
5596 126
5595 126
5594 130
5593 127
5592 127
5591 136
5590 129
5589 128
5588 128
5587 134
5586 127
5585 137
5584 129
5583 128
5582 129
5581 135
5580 136
5579 130
5578 138
5577 136
5576 133
5575 128
5574 129
5573 135
5572 128
5571 134
5570 136
5569 128
5568 129
5567 139
5566 129
5565 129
5564 135
5563 135
5562 139
5561 130
5560 127
5559 134
5558 126
5557 138
5556 128
5555 126
5554 137
5553 135
5552 127
5551 136
5550 128
5549 127
5548 130
5547 128
5546 137
5545 128
5544 127
5543 136
5542 136
5541 134
5540 136
5539 137
5538 127
5537 126
5536 128
5535 136
5534 137
5533 127
5532 129
5531 128
5530 140
5529 130
5528 129
5527 127
5526 126
5525 135
5524 130
5523 128
5522 133
5521 137
5520 129
5519 139
5518 129
5517 137
5516 127
5515 128
5514 127
5513 128
5512 136
5511 134
5510 128
5509 135
5508 125
5507 130
5506 129
5505 127
5504 129
5503 124
5502 137
5501 131
5500 128
5499 139
5498 124
5497 126
5496 130
5495 126
5494 138
5493 137
5492 128
5491 139
5490 135
5489 130
5488 138
5487 127
5486 127
5485 128
5484 137
5483 128
5482 128
5481 128
5480 136
5479 139
5478 131
5477 128
5476 137
5475 129
5474 133
5473 139
5472 129
5471 126
5470 133
5469 124
5468 128
5467 129
5466 133
5465 139
5464 136
5463 130
5462 126
5461 138
5460 128
5459 129
5458 127
5457 129
5456 138
5455 123
5454 126
5453 126
5452 126
5451 133
5450 127
5449 129
5448 136
5447 130
5446 139
5445 124
5444 138
5443 129
5442 137
5441 127
5440 128
5439 128
5438 140
5437 136
5436 129
5435 128
5434 127
5433 129
5432 129
5431 128
5430 136
5429 129
5428 135
5427 113
5426 128
5425 137
5424 136
5423 128
5422 130
5421 124
5420 132
5419 127
5418 125
5417 129
5416 124
5415 128
5414 124
5413 125
5412 129
5411 127
5410 138
5409 137
5408 129
5407 126
5406 138
5405 138
5404 128
5403 128
5402 126
5401 127
5400 138
5399 127
5398 129
5397 127
5396 136
5395 134
5394 127
5393 138
5392 134
5391 127
5390 129
5389 127
5388 127
5387 127
5386 126
5385 126
5384 135
5383 122
5382 130
5381 129
5380 131
5379 128
5378 137
5377 130
5376 137
5375 136
5374 136
5373 139
5372 137
5371 138
5370 135
5369 129
5368 127
5367 135
5366 126
5365 135
5364 128
5363 128
5362 126
5361 127
5360 135
5359 138
5358 134
5357 125
5356 124
5355 127
5354 124
5353 125
5352 138
5351 129
5350 131
5349 127
5348 128
5347 129
5346 126
5345 129
5344 128
5343 125
5342 127
5341 130
5340 136
5339 138
5338 128
5337 137
5336 135
5335 128
5334 129
5333 135
5332 138
5331 127
5330 128
5329 138
5328 126
5327 128
5326 127
5325 137
5324 126
5323 138
5322 130
5321 126
5320 136
5319 136
5318 133
5317 130
5316 130
5315 127
5314 138
5313 138
5312 135
5311 138
5310 130
5309 127
5308 127
5307 136
5306 123
5305 126
5304 129
5303 128
5302 129
5301 129
5300 128
5299 126
5298 140
5297 126
5296 137
5295 128
5294 128
5293 134
5292 129
5291 129
5290 125
5289 127
5288 128
5287 127
5286 127
5285 138
5284 138
5283 125
5282 138
5281 133
5280 128
5279 130
5278 128
5277 128
5276 129
5275 129
5274 127
5273 136
5272 125
5271 137
5270 137
5269 136
5268 130
5267 127
5266 130
5265 135
5264 135
5263 136
5262 130
5261 138
5260 132
5259 134
5258 139
5257 130
5256 136
5255 127
5254 136
5253 140
5252 139
5251 130
5250 135
5249 137
5248 127
5247 126
5246 127
5245 134
5244 131
5243 137
5242 129
5241 128
5240 128
5239 130
5238 129
5237 125
5236 127
5235 127
5234 127
5233 136
5232 134
5231 130
5230 128
5229 126
5228 127
5227 123
5226 123
5225 129
5224 137
5223 138
5222 129
5221 131
5220 127
5219 126
5218 128
5217 129
5216 130
5215 128
5214 138
5213 129
5212 126
5211 125
5210 136
5209 123
5208 126
5207 130
5206 134
5205 137
5204 129
5203 125
5202 127
5201 129
5200 128
5199 128
5198 138
5197 135
5196 128
5195 128
5194 129
5193 138
5192 126
5191 122
5190 127
5189 125
5188 126
5187 128
5186 131
5185 127
5184 127
5183 130
5182 125
5181 126
5180 129
5179 125
5178 128
5177 136
5176 126
5175 128
5174 136
5173 139
5172 139
5171 137
5170 130
5169 130
5168 137
5167 131
5166 137
5165 135
5164 129
5163 133
5162 126
5161 137
5160 124
5159 130
5158 128
5157 125
5156 135
5155 127
5154 127
5153 127
5152 134
5151 126
5150 128
5149 129
5148 138
5147 136
5146 128
5145 127
5144 128
5143 130
5142 138
5141 126
5140 128
5139 135
5138 128
5137 127
5136 127
5135 130
5134 128
5133 126
5132 132
5131 126
5130 127
5129 125
5128 126
5127 137
5126 127
5125 127
5124 135
5123 128
5122 113
5121 125
5120 135
5119 137
5118 125
5117 129
5116 127
5115 125
5114 130
5113 127
5112 124
5111 131
5110 139
5109 139
5108 128
5107 129
5106 128
5105 128
5104 137
5103 129
5102 138
5101 128
5100 128
5099 127
5098 130
5097 131
5096 128
5095 137
5094 131
5093 127
5092 128
5091 136
5090 124
5089 128
5088 127
5087 129
5086 130
5085 124
5084 129
5083 125
5082 126
5081 126
5080 137
5079 137
5078 126
5077 127
5076 137
5075 121
5074 124
5073 127
5072 129
5071 122
5070 130
5069 128
5068 126
5067 137
5066 127
5065 129
5064 128
5063 136
5062 131
5061 129
5060 128
5059 128
5058 127
5057 126
5056 129
5055 128
5054 139
5053 128
5052 137
5051 136
5050 127
5049 141
5048 126
5047 131
5046 130
5045 125
5044 133
5043 130
5042 129
5041 136
5040 124
5039 134
5038 129
5037 139
5036 126
5035 125
5034 129
5033 129
5032 128
5031 128
5030 129
5029 128
5028 128
5027 127
5026 131
5025 127
5024 133
5023 137
5022 127
5021 138
5020 137
5019 126
5018 127
5017 134
5016 130
5015 135
5014 135
5013 131
5012 127
5011 130
5010 136
5009 127
5008 136
5007 125
5006 129
5005 138
5004 123
5003 137
5002 128
5001 126
5000 127
4999 126
4998 127
4997 129
4996 134
4995 127
4994 127
4993 129
4992 125
4991 128
4990 128
4989 128
4988 127
4987 125
4986 137
4985 128
4984 129
4983 129
4982 127
4981 128
4980 128
4979 125
4978 123
4977 129
4976 127
4975 137
4974 130
4973 127
4972 127
4971 131
4970 129
4969 128
4968 136
4967 127
4966 126
4965 127
4964 128
4963 129
4962 135
4961 127
4960 129
4959 138
4958 133
4957 124
4956 129
4955 133
4954 132
4953 128
4952 128
4951 124
4950 127
4949 126
4948 124
4947 127
4946 135
4945 129
4944 125
4943 125
4942 124
4941 127
4940 126
4939 128
4938 126
4937 127
4936 133
4935 137
4934 136
4933 125
4932 136
4931 116
4930 126
4929 131
4928 126
4927 139
4926 131
4925 134
4924 124
4923 129
4922 124
4921 136
4920 126
4919 128
4918 130
4917 125
4916 128
4915 130
4914 128
4913 134
4912 137
4911 137
4910 127
4909 127
4908 137
4907 136
4906 128
4905 128
4904 128
4903 130
4902 124
4901 128
4900 128
4899 126
4898 135
4897 128
4896 128
4895 129
4894 126
4893 127
4892 128
4891 137
4890 129
4889 132
4888 129
4887 127
4886 127
4885 126
4884 128
4883 127
4882 132
4881 130
4880 140
4879 137
4878 129
4877 125
4876 125
4875 135
4874 127
4873 127
4872 124
4871 127
4870 130
4869 125
4868 127
4867 128
4866 128
4865 129
4864 129
4863 126
4862 128
4861 125
4860 123
4859 127
4858 127
4857 126
4856 137
4855 127
4854 136
4853 129
4852 136
4851 129
4850 138
4849 127
4848 135
4847 128
4846 137
4845 134
4844 138
4843 127
4842 130
4841 129
4840 127
4839 128
4838 129
4837 136
4836 130
4835 128
4834 135
4833 129
4832 126
4831 128
4830 127
4829 128
4828 129
4827 116
4826 126
4825 117
4824 122
4823 128
4822 127
4821 134
4820 123
4819 127
4818 127
4817 126
4816 129
4815 134
4814 127
4813 131
4812 127
4811 128
4810 128
4809 130
4808 130
4807 129
4806 137
4805 128
4804 127
4803 137
4802 127
4801 129
4800 127
4799 125
4798 137
4797 128
4796 125
4795 125
4794 126
4793 127
4792 124
4791 128
4790 128
4789 135
4788 127
4787 129
4786 123
4785 125
4784 128
4783 124
4782 125
4781 129
4780 122
4779 135
4778 127
4777 128
4776 137
4775 126
4774 128
4773 137
4772 127
4771 127
4770 128
4769 138
4768 129
4767 129
4766 135
4765 124
4764 137
4763 126
4762 128
4761 136
4760 126
4759 128
4758 128
4757 128
4756 129
4755 138
4754 131
4753 121
4752 137
4751 127
4750 135
4749 126
4748 130
4747 125
4746 113
4745 136
4744 129
4743 130
4742 137
4741 115
4740 123
4739 125
4738 138
4737 129
4736 125
4735 127
4734 128
4733 126
4732 127
4731 128
4730 125
4729 126
4728 128
4727 128
4726 128
4725 128
4724 127
4723 127
4722 127
4721 137
4720 127
4719 129
4718 127
4717 128
4716 127
4715 136
4714 127
4713 136
4712 128
4711 127
4710 123
4709 125
4708 129
4707 136
4706 134
4705 125
4704 130
4703 129
4702 126
4701 137
4700 121
4699 129
4698 136
4697 135
4696 138
4695 129
4694 129
4693 128
4692 126
4691 126
4690 129
4689 128
4688 129
4687 128
4686 129
4685 127
4684 129
4683 126
4682 132
4681 125
4680 127
4679 130
4678 134
4677 130
4676 137
4675 128
4674 127
4673 135
4672 131
4671 124
4670 135
4669 129
4668 128
4667 125
4666 129
4665 130
4664 128
4663 126
4662 127
4661 126
4660 123
4659 126
4658 127
4657 129
4656 126
4655 126
4654 125
4653 129
4652 137
4651 128
4650 135
4649 125
4648 128
4647 126
4646 127
4645 135
4644 129
4643 135
4642 137
4641 130
4640 129
4639 127
4638 129
4637 129
4636 127
4635 126
4634 137
4633 131
4632 127
4631 125
4630 127
4629 129
4628 131
4627 122
4626 129
4625 127
4624 126
4623 130
4622 137
4621 128
4620 128
4619 136
4618 129
4617 124
4616 128
4615 127
4614 135
4613 132
4612 127
4611 137
4610 129
4609 135
4608 127
4607 125
4606 132
4605 131
4604 126
4603 126
4602 125
4601 127
4600 128
4599 126
4598 129
4597 126
4596 128
4595 129
4594 128
4593 128
4592 123
4591 125
4590 129
4589 133
4588 122
4587 125
4586 126
4585 128
4584 128
4583 124
4582 126
4581 126
4580 130
4579 128
4578 128
4577 126
4576 126
4575 127
4574 134
4573 125
4572 127
4571 129
4570 127
4569 131
4568 127
4567 131
4566 126
4565 125
4564 128
4563 129
4562 127
4561 127
4560 125
4559 127
4558 124
4557 135
4556 124
4555 127
4554 129
4553 128
4552 132
4551 127
4550 128
4549 126
4548 128
4547 127
4546 129
4545 128
4544 126
4543 125
4542 138
4541 127
4540 136
4539 127
4538 126
4537 136
4536 116
4535 126
4534 124
4533 125
4532 126
4531 125
4530 130
4529 127
4528 123
4527 128
4526 131
4525 126
4524 128
4523 130
4522 126
4521 129
4520 128
4519 125
4518 129
4517 129
4516 124
4515 130
4514 133
4513 127
4512 124
4511 128
4510 127
4509 128
4508 128
4507 133
4506 127
4505 130
4504 127
4503 127
4502 127
4501 135
4500 138
4499 131
4498 127
4497 129
4496 128
4495 127
4494 128
4493 131
4492 130
4491 130
4490 131
4489 127
4488 128
4487 123
4486 128
4485 132
4484 126
4483 127
4482 126
4481 129
4480 126
4479 126
4478 127
4477 129
4476 127
4475 129
4474 123
4473 126
4472 128
4471 129
4470 136
4469 137
4468 122
4467 130
4466 128
4465 129
4464 128
4463 128
4462 136
4461 130
4460 127
4459 127
4458 130
4457 130
4456 128
4455 132
4454 136
4453 122
4452 127
4451 138
4450 129
4449 129
4448 129
4447 126
4446 128
4445 116
4444 129
4443 131
4442 128
4441 126
4440 136
4439 126
4438 135
4437 127
4436 127
4435 125
4434 135
4433 127
4432 128
4431 127
4430 127
4429 128
4428 127
4427 124
4426 126
4425 138
4424 128
4423 130
4422 136
4421 126
4420 127
4419 126
4418 130
4417 134
4416 126
4415 129
4414 127
4413 130
4412 127
4411 126
4410 138
4409 127
4408 127
4407 136
4406 128
4405 135
4404 127
4403 127
4402 130
4401 135
4400 126
4399 123
4398 128
4397 125
4396 128
4395 127
4394 127
4393 130
4392 127
4391 130
4390 126
4389 128
4388 123
4387 126
4386 134
4385 126
4384 128
4383 132
4382 138
4381 126
4380 129
4379 126
4378 126
4377 125
4376 127
4375 128
4374 125
4373 124
4372 125
4371 136
4370 127
4369 127
4368 128
4367 127
4366 127
4365 130
4364 129
4363 113
4362 123
4361 127
4360 128
4359 130
4358 126
4357 129
4356 135
4355 127
4354 125
4353 127
4352 126
4351 127
4350 129
4349 127
4348 127
4347 125
4346 126
4345 116
4344 124
4343 128
4342 130
4341 127
4340 127
4339 131
4338 127
4337 128
4336 127
4335 128
4334 124
4333 127
4332 129
4331 135
4330 126
4329 128
4328 129
4327 125
4326 126
4325 124
4324 128
4323 138
4322 128
4321 129
4320 131
4319 130
4318 129
4317 129
4316 126
4315 135
4314 128
4313 128
4312 126
4311 128
4310 128
4309 126
4308 127
4307 130
4306 124
4305 126
4304 129
4303 124
4302 128
4301 128
4300 125
4299 137
4298 127
4297 127
4296 136
4295 127
4294 130
4293 128
4292 130
4291 130
4290 129
4289 127
4288 127
4287 128
4286 124
4285 127
4284 126
4283 129
4282 123
4281 127
4280 128
4279 128
4278 125
4277 128
4276 131
4275 128
4274 129
4273 128
4272 127
4271 127
4270 126
4269 124
4268 124
4267 127
4266 128
4265 129
4264 128
4263 128
4262 128
4261 129
4260 127
4259 125
4258 129
4257 123
4256 128
4255 127
4254 128
4253 126
4252 130
4251 126
4250 130
4249 129
4248 126
4247 128
4246 127
4245 127
4244 125
4243 125
4242 126
4241 126
4240 125
4239 128
4238 129
4237 130
4236 123
4235 128
4234 127
4233 125
4232 125
4231 126
4230 129
4229 130
4228 131
4227 126
4226 126
4225 126
4224 126
4223 128
4222 127
4221 128
4220 129
4219 127
4218 128
4217 127
4216 131
4215 128
4214 128
4213 128
4212 127
4211 126
4210 126
4209 125
4208 124
4207 129
4206 128
4205 125
4204 125
4203 129
4202 127
4201 130
4200 115
4199 126
4198 126
4197 127
4196 128
4195 126
4194 130
4193 127
4192 130
4191 128
4190 128
4189 126
4188 127
4187 126
4186 128
4185 127
4184 130
4183 129
4182 127
4181 127
4180 126
4179 126
4178 126
4177 128
4176 130
4175 129
4174 128
4173 126
4172 128
4171 128
4170 127
4169 128
4168 130
4167 130
4166 128
4165 123
4164 131
4163 129
4162 126
4161 127
4160 127
4159 127
4158 128
4157 128
4156 130
4155 124
4154 122
4153 126
4152 126
4151 128
4150 128
4149 129
4148 128
4147 130
4146 128
4145 128
4144 128
4143 128
4142 128
4141 130
4140 126
4139 125
4138 128
4137 127
4136 127
4135 128
4134 128
4133 126
4132 128
4131 123
4130 127
4129 128
4128 127
4127 127
4126 130
4125 129
4124 126
4123 128
4122 127
4121 130
4120 126
4119 128
4118 126
4117 126
4116 127
4115 129
4114 127
4113 130
4112 130
4111 126
4110 124
4109 126
4108 127
4107 128
4106 127
4105 127
4104 128
4103 126
4102 128
4101 126
4100 126
4099 127
4098 125
4097 119
4096 127
4095 127
4094 129
4093 128
4092 130
4091 128
4090 127
4089 127
4088 126
4087 128
4086 127
4085 127
4084 127
4083 128
4082 125
4081 129
4080 127
4079 127
4078 128
4077 125
4076 124
4075 122
4074 124
4073 128
4072 128
4071 127
4070 127
4069 127
4068 128
4067 127
4066 127
4065 129
4064 128
4063 128
4062 129
4061 125
4060 127
4059 126
4058 126
4057 125
4056 126
4055 127
4054 128
4053 128
4052 125
4051 127
4050 128
4049 127
4048 128
4047 128
4046 127
4045 128
4044 127
4043 127
4042 125
4041 115
4040 112
4039 129
4038 127
4037 124
4036 123
4035 129
4034 130
4033 130
4032 127
4031 128
4030 129
4029 130
4028 126
4027 129
4026 130
4025 126
4024 124
4023 128
4022 129
4021 126
4020 125
4019 120
4018 126
4017 126
4016 129
4015 128
4014 120
4013 129
4012 127
4011 124
4010 128
4009 127
4008 124
4007 127
4006 126
4005 124
4004 125
4003 126
4002 128
4001 126
4000 119
3999 124
3998 125
3997 130
3996 122
3995 128
3994 127
3993 126
3992 127
3991 129
3990 126
3989 127
3988 128
3987 129
3986 128
3985 129
3984 129
3983 123
3982 129
3981 127
3980 127
3979 115
3978 130
3977 115
3976 125
3975 123
3974 128
3973 119
3972 127
3971 126
3970 126
3969 124
3968 119
3967 126
3966 131
3965 128
3964 124
3963 129
3962 125
3961 119
3960 130
3959 130
3958 127
3957 128
3956 129
3955 130
3954 127
3953 127
3952 127
3951 126
3950 126
3949 123
3948 125
3947 120
3946 128
3945 129
3944 128
3943 127
3942 127
3941 119
3940 128
3939 127
3938 127
3937 126
3936 126
3935 130
3934 127
3933 123
3932 126
3931 128
3930 125
3929 130
3928 125
3927 129
3926 127
3925 128
3924 123
3923 126
3922 125
3921 128
3920 126
3919 124
3918 127
3917 128
3916 130
3915 124
3914 126
3913 127
3912 123
3911 128
3910 125
3909 126
3908 119
3907 126
3906 125
3905 129
3904 125
3903 124
3902 125
3901 125
3900 124
3899 129
3898 126
3897 125
3896 127
3895 125
3894 121
3893 128
3892 128
3891 124
3890 127
3889 114
3888 127
3887 121
3886 125
3885 126
3884 128
3883 125
3882 126
3881 127
3880 129
3879 130
3878 129
3877 123
3876 123
3875 128
3874 128
3873 130
3872 126
3871 127
3870 126
3869 126
3868 128
3867 125
3866 127
3865 128
3864 125
3863 125
3862 128
3861 120
3860 126
3859 127
3858 126
3857 125
3856 126
3855 125
3854 128
3853 129
3852 126
3851 125
3850 129
3849 127
3848 130
3847 126
3846 128
3845 128
3844 128
3843 119
3842 117
3841 129
3840 118
3839 128
3838 127
3837 127
3836 127
3835 119
3834 119
3833 126
3832 127
3831 126
3830 128
3829 117
3828 127
3827 129
3826 131
3825 129
3824 129
3823 128
3822 127
3821 113
3820 128
3819 125
3818 130
3817 127
3816 127
3815 128
3814 119
3813 125
3812 128
3811 128
3810 125
3809 129
3808 125
3807 127
3806 131
3805 127
3804 114
3803 126
3802 126
3801 125
3800 118
3799 128
3798 127
3797 126
3796 123
3795 128
3794 130
3793 125
3792 116
3791 122
3790 123
3789 127
3788 127
3787 126
3786 125
3785 125
3784 128
3783 126
3782 126
3781 125
3780 126
3779 125
3778 127
3777 126
3776 126
3775 120
3774 117
3773 127
3772 130
3771 124
3770 125
3769 126
3768 127
3767 129
3766 124
3765 118
3764 128
3763 120
3762 128
3761 126
3760 124
3759 129
3758 125
3757 125
3756 126
3755 127
3754 128
3753 126
3752 129
3751 127
3750 129
3749 127
3748 125
3747 129
3746 126
3745 127
3744 125
3743 124
3742 122
3741 124
3740 115
3739 116
3738 126
3737 125
3736 127
3735 125
3734 126
3733 125
3732 119
3731 129
3730 127
3729 125
3728 128
3727 128
3726 128
3725 128
3724 127
3723 127
3722 118
3721 125
3720 122
3719 129
3718 128
3717 126
3716 128
3715 123
3714 127
3713 128
3712 128
3711 127
3710 125
3709 127
3708 120
3707 130
3706 118
3705 127
3704 125
3703 128
3702 126
3701 114
3700 128
3699 126
3698 129
3697 125
3696 116
3695 130
3694 128
3693 126
3692 126
3691 124
3690 128
3689 127
3688 127
3687 127
3686 130
3685 126
3684 127
3683 117
3682 122
3681 119
3680 124
3679 117
3678 129
3677 120
3676 128
3675 128
3674 127
3673 119
3672 125
3671 128
3670 127
3669 120
3668 128
3667 119
3666 128
3665 117
3664 118
3663 128
3662 124
3661 116
3660 125
3659 128
3658 127
3657 117
3656 128
3655 128
3654 126
3653 127
3652 126
3651 126
3650 127
3649 125
3648 117
3647 128
3646 128
3645 118
3644 127
3643 127
3642 118
3641 125
3640 125
3639 117
3638 117
3637 126
3636 118
3635 121
3634 127
3633 123
3632 128
3631 128
3630 127
3629 129
3628 115
3627 129
3626 126
3625 126
3624 117
3623 126
3622 118
3621 124
3620 129
3619 116
3618 120
3617 119
3616 128
3615 125
3614 126
3613 125
3612 127
3611 126
3610 120
3609 126
3608 123
3607 128
3606 131
3605 126
3604 127
3603 118
3602 128
3601 128
3600 128
3599 130
3598 127
3597 128
3596 125
3595 124
3594 126
3593 116
3592 126
3591 124
3590 128
3589 127
3588 128
3587 127
3586 126
3585 122
3584 129
3583 127
3582 125
3581 126
3580 126
3579 119
3578 128
3577 118
3576 127
3575 124
3574 117
3573 126
3572 119
3571 130
3570 115
3569 124
3568 125
3567 130
3566 118
3565 125
3564 129
3563 119
3562 126
3561 126
3560 125
3559 125
3558 129
3557 119
3556 127
3555 127
3554 128
3553 124
3552 127
3551 123
3550 128
3549 122
3548 116
3547 125
3546 128
3545 123
3544 124
3543 127
3542 125
3541 125
3540 127
3539 125
3538 126
3537 119
3536 127
3535 127
3534 129
3533 126
3532 124
3531 130
3530 126
3529 126
3528 128
3527 127
3526 127
3525 126
3524 127
3523 126
3522 128
3521 128
3520 117
3519 129
3518 126
3517 127
3516 127
3515 118
3514 122
3513 118
3512 126
3511 127
3510 130
3509 125
3508 123
3507 130
3506 127
3505 114
3504 128
3503 116
3502 127
3501 123
3500 127
3499 125
3498 125
3497 126
3496 119
3495 116
3494 126
3493 128
3492 129
3491 128
3490 125
3489 123
3488 125
3487 127
3486 126
3485 129
3484 118
3483 125
3482 128
3481 130
3480 128
3479 129
3478 119
3477 127
3476 128
3475 118
3474 117
3473 122
3472 126
3471 125
3470 127
3469 127
3468 127
3467 118
3466 118
3465 123
3464 121
3463 126
3462 117
3461 126
3460 127
3459 117
3458 127
3457 128
3456 126
3455 127
3454 129
3453 117
3452 127
3451 127
3450 121
3449 120
3448 126
3447 126
3446 124
3445 118
3444 104
3443 119
3442 128
3441 127
3440 128
3439 129
3438 129
3437 123
3436 117
3435 126
3434 125
3433 127
3432 128
3431 128
3430 120
3429 126
3428 117
3427 126
3426 119
3425 127
3424 127
3423 126
3422 122
3421 127
3420 125
3419 126
3418 127
3417 125
3416 123
3415 128
3414 119
3413 127
3412 115
3411 120
3410 130
3409 127
3408 128
3407 124
3406 124
3405 118
3404 116
3403 127
3402 127
3401 129
3400 117
3399 130
3398 120
3397 118
3396 118
3395 113
3394 127
3393 127
3392 128
3391 127
3390 128
3389 126
3388 118
3387 127
3386 128
3385 127
3384 118
3383 118
3382 121
3381 127
3380 128
3379 117
3378 126
3377 125
3376 122
3375 118
3374 125
3373 117
3372 117
3371 128
3370 129
3369 124
3368 118
3367 126
3366 128
3365 117
3364 118
3363 118
3362 128
3361 127
3360 122
3359 118
3358 125
3357 127
3356 118
3355 120
3354 123
3353 127
3352 115
3351 117
3350 126
3349 126
3348 119
3347 127
3346 127
3345 117
3344 115
3343 127
3342 118
3341 125
3340 128
3339 115
3338 126
3337 120
3336 119
3335 127
3334 124
3333 116
3332 123
3331 128
3330 120
3329 127
3328 126
3327 125
3326 129
3325 119
3324 127
3323 126
3322 120
3321 116
3320 119
3319 125
3318 123
3317 128
3316 118
3315 113
3314 126
3313 127
3312 119
3311 127
3310 127
3309 117
3308 116
3307 117
3306 122
3305 118
3304 128
3303 124
3302 129
3301 125
3300 123
3299 117
3298 128
3297 127
3296 115
3295 117
3294 126
3293 127
3292 127
3291 115
3290 126
3289 124
3288 125
3287 117
3286 125
3285 126
3284 127
3283 126
3282 118
3281 119
3280 128
3279 120
3278 123
3277 114
3276 117
3275 128
3274 130
3273 119
3272 129
3271 125
3270 124
3269 119
3268 127
3267 118
3266 125
3265 116
3264 127
3263 118
3262 125
3261 127
3260 124
3259 125
3258 125
3257 120
3256 128
3255 128
3254 128
3253 117
3252 117
3251 122
3250 116
3249 129
3248 127
3247 125
3246 127
3245 115
3244 119
3243 116
3242 125
3241 122
3240 119
3239 127
3238 116
3237 126
3236 127
3235 127
3234 121
3233 127
3232 117
3231 122
3230 117
3229 128
3228 126
3227 119
3226 126
3225 123
3224 113
3223 121
3222 126
3221 126
3220 129
3219 128
3218 129
3217 127
3216 127
3215 124
3214 117
3213 116
3212 127
3211 119
3210 128
3209 125
3208 125
3207 126
3206 126
3205 128
3204 128
3203 118
3202 128
3201 126
3200 118
3199 119
3198 116
3197 128
3196 118
3195 118
3194 116
3193 117
3192 126
3191 129
3190 130
3189 124
3188 128
3187 119
3186 124
3185 125
3184 126
3183 128
3182 128
3181 129
3180 128
3179 123
3178 127
3177 119
3176 126
3175 126
3174 117
3173 117
3172 128
3171 129
3170 119
3169 128
3168 123
3167 127
3166 129
3165 118
3164 129
3163 126
3162 126
3161 127
3160 113
3159 130
3158 118
3157 128
3156 126
3155 125
3154 124
3153 114
3152 119
3151 130
3150 128
3149 127
3148 126
3147 127
3146 125
3145 127
3144 125
3143 116
3142 129
3141 125
3140 125
3139 120
3138 117
3137 129
3136 126
3135 124
3134 117
3133 124
3132 128
3131 128
3130 116
3129 118
3128 118
3127 115
3126 120
3125 123
3124 126
3123 123
3122 124
3121 117
3120 126
3119 127
3118 127
3117 127
3116 128
3115 127
3114 120
3113 114
3112 115
3111 126
3110 129
3109 127
3108 119
3107 127
3106 128
3105 118
3104 126
3103 126
3102 127
3101 127
3100 125
3099 125
3098 126
3097 127
3096 117
3095 119
3094 127
3093 130
3092 125
3091 116
3090 116
3089 119
3088 120
3087 116
3086 117
3085 124
3084 116
3083 129
3082 124
3081 127
3080 127
3079 127
3078 117
3077 126
3076 126
3075 115
3074 129
3073 128
3072 117
3071 127
3070 128
3069 123
3068 116
3067 118
3066 116
3065 117
3064 113
3063 125
3062 119
3061 125
3060 127
3059 118
3058 125
3057 126
3056 128
3055 116
3054 116
3053 120
3052 126
3051 126
3050 119
3049 124
3048 115
3047 128
3046 116
3045 127
3044 126
3043 125
3042 126
3041 128
3040 129
3039 120
3038 118
3037 125
3036 128
3035 118
3034 115
3033 127
3032 128
3031 118
3030 125
3029 126
3028 128
3027 124
3026 129
3025 120
3024 123
3023 129
3022 126
3021 114
3020 119
3019 126
3018 125
3017 126
3016 124
3015 118
3014 124
3013 125
3012 116
3011 118
3010 126
3009 125
3008 126
3007 126
3006 117
3005 128
3004 117
3003 126
3002 118
3001 128
3000 117
2999 126
2998 126
2997 114
2996 117
2995 125
2994 115
2993 118
2992 118
2991 125
2990 127
2989 117
2988 116
2987 120
2986 125
2985 128
2984 128
2983 124
2982 126
2981 117
2980 127
2979 126
2978 129
2977 128
2976 122
2975 124
2974 120
2973 129
2972 118
2971 119
2970 123
2969 127
2968 130
2967 126
2966 127
2965 121
2964 115
2963 126
2962 118
2961 126
2960 128
2959 119
2958 125
2957 129
2956 126
2955 127
2954 126
2953 116
2952 118
2951 129
2950 124
2949 128
2948 118
2947 125
2946 119
2945 123
2944 117
2943 117
2942 113
2941 115
2940 125
2939 118
2938 117
2937 117
2936 127
2935 126
2934 128
2933 117
2932 123
2931 127
2930 126
2929 123
2928 127
2927 129
2926 126
2925 130
2924 127
2923 118
2922 118
2921 127
2920 118
2919 128
2918 119
2917 128
2916 126
2915 126
2914 127
2913 126
2912 125
2911 117
2910 118
2909 124
2908 116
2907 118
2906 127
2905 116
2904 118
2903 124
2902 124
2901 126
2900 127
2899 117
2898 119
2897 119
2896 127
2895 126
2894 117
2893 118
2892 126
2891 127
2890 118
2889 117
2888 119
2887 117
2886 119
2885 115
2884 125
2883 114
2882 119
2881 119
2880 119
2879 119
2878 117
2877 128
2876 115
2875 125
2874 127
2873 115
2872 117
2871 118
2870 117
2869 127
2868 116
2867 124
2866 116
2865 124
2864 128
2863 117
2862 126
2861 127
2860 117
2859 126
2858 127
2857 127
2856 126
2855 117
2854 119
2853 118
2852 125
2851 127
2850 125
2849 118
2848 123
2847 118
2846 120
2845 119
2844 127
2843 120
2842 117
2841 117
2840 118
2839 113
2838 128
2837 126
2836 120
2835 120
2834 127
2833 127
2832 124
2831 117
2830 118
2829 119
2828 118
2827 128
2826 117
2825 126
2824 125
2823 127
2822 129
2821 127
2820 118
2819 117
2818 118
2817 123
2816 122
2815 118
2814 117
2813 114
2812 119
2811 125
2810 117
2809 120
2808 127
2807 116
2806 117
2805 118
2804 116
2803 127
2802 119
2801 117
2800 125
2799 118
2798 118
2797 116
2796 115
2795 126
2794 117
2793 117
2792 117
2791 123
2790 126
2789 126
2788 123
2787 124
2786 119
2785 127
2784 128
2783 127
2782 120
2781 117
2780 126
2779 115
2778 119
2777 117
2776 118
2775 116
2774 117
2773 118
2772 121
2771 127
2770 119
2769 116
2768 118
2767 129
2766 128
2765 122
2764 117
2763 121
2762 123
2761 117
2760 125
2759 117
2758 117
2757 118
2756 116
2755 118
2754 118
2753 117
2752 117
2751 118
2750 116
2749 128
2748 125
2747 127
2746 118
2745 120
2744 120
2743 116
2742 126
2741 119
2740 125
2739 117
2738 116
2737 127
2736 124
2735 129
2734 128
2733 127
2732 116
2731 117
2730 104
2729 115
2728 118
2727 127
2726 118
2725 124
2724 118
2723 115
2722 122
2721 115
2720 117
2719 117
2718 117
2717 124
2716 125
2715 116
2714 125
2713 114
2712 117
2711 115
2710 129
2709 117
2708 127
2707 114
2706 126
2705 114
2704 125
2703 115
2702 126
2701 119
2700 126
2699 119
2698 116
2697 125
2696 125
2695 118
2694 118
2693 126
2692 119
2691 119
2690 127
2689 116
2688 117
2687 130
2686 119
2685 118
2684 127
2683 117
2682 124
2681 128
2680 116
2679 119
2678 116
2677 128
2676 122
2675 117
2674 115
2673 118
2672 125
2671 125
2670 115
2669 125
2668 116
2667 126
2666 118
2665 116
2664 111
2663 117
2662 115
2661 118
2660 125
2659 115
2658 119
2657 117
2656 127
2655 118
2654 128
2653 123
2652 117
2651 118
2650 116
2649 116
2648 127
2647 126
2646 127
2645 115
2644 126
2643 123
2642 122
2641 126
2640 118
2639 118
2638 115
2637 125
2636 122
2635 117
2634 126
2633 116
2632 115
2631 117
2630 118
2629 125
2628 125
2627 127
2626 125
2625 128
2624 124
2623 118
2622 126
2621 124
2620 125
2619 116
2618 117
2617 117
2616 124
2615 124
2614 117
2613 117
2612 118
2611 127
2610 127
2609 127
2608 118
2607 117
2606 116
2605 114
2604 118
2603 117
2602 116
2601 116
2600 126
2599 117
2598 116
2597 118
2596 117
2595 117
2594 127
2593 125
2592 119
2591 117
2590 129
2589 116
2588 117
2587 125
2586 114
2585 117
2584 116
2583 119
2582 128
2581 116
2580 116
2579 118
2578 118
2577 114
2576 128
2575 118
2574 117
2573 127
2572 117
2571 120
2570 126
2569 120
2568 128
2567 115
2566 114
2565 115
2564 119
2563 117
2562 126
2561 115
2560 114
2559 117
2558 115
2557 118
2556 125
2555 127
2554 115
2553 116
2552 117
2551 118
2550 113
2549 115
2548 127
2547 118
2546 114
2545 104
2544 116
2543 128
2542 119
2541 118
2540 125
2539 120
2538 117
2537 118
2536 127
2535 126
2534 117
2533 116
2532 118
2531 118
2530 116
2529 118
2528 122
2527 117
2526 116
2525 118
2524 115
2523 118
2522 116
2521 126
2520 113
2519 117
2518 115
2517 115
2516 119
2515 118
2514 128
2513 118
2512 116
2511 118
2510 116
2509 116
2508 124
2507 120
2506 124
2505 127
2504 116
2503 126
2502 116
2501 117
2500 113
2499 115
2498 115
2497 125
2496 125
2495 119
2494 116
2493 116
2492 113
2491 118
2490 114
2489 119
2488 124
2487 117
2486 125
2485 115
2484 127
2483 127
2482 127
2481 121
2480 128
2479 118
2478 114
2477 115
2476 118
2475 115
2474 125
2473 115
2472 119
2471 117
2470 126
2469 118
2468 127
2467 119
2466 116
2465 116
2464 119
2463 117
2462 119
2461 117
2460 116
2459 119
2458 117
2457 116
2456 120
2455 117
2454 127
2453 118
2452 118
2451 125
2450 119
2449 128
2448 117
2447 116
2446 114
2445 126
2444 116
2443 117
2442 118
2441 127
2440 126
2439 116
2438 126
2437 117
2436 126
2435 113
2434 118
2433 115
2432 116
2431 128
2430 125
2429 119
2428 124
2427 117
2426 129
2425 116
2424 118
2423 122
2422 116
2421 118
2420 128
2419 112
2418 125
2417 117
2416 124
2415 116
2414 118
2413 118
2412 124
2411 117
2410 127
2409 115
2408 127
2407 114
2406 118
2405 117
2404 115
2403 113
2402 115
2401 118
2400 116
2399 128
2398 119
2397 127
2396 117
2395 118
2394 117
2393 118
2392 117
2391 117
2390 115
2389 117
2388 125
2387 118
2386 119
2385 118
2384 126
2383 117
2382 127
2381 127
2380 117
2379 115
2378 118
2377 117
2376 115
2375 117
2374 120
2373 128
2372 117
2371 105
2370 114
2369 118
2368 116
2367 115
2366 118
2365 115
2364 117
2363 126
2362 127
2361 124
2360 124
2359 117
2358 116
2357 126
2356 119
2355 115
2354 117
2353 117
2352 112
2351 119
2350 115
2349 116
2348 116
2347 115
2346 112
2345 116
2344 124
2343 116
2342 116
2341 116
2340 117
2339 125
2338 120
2337 119
2336 117
2335 117
2334 116
2333 119
2332 113
2331 119
2330 119
2329 118
2328 103
2327 121
2326 116
2325 117
2324 117
2323 118
2322 117
2321 117
2320 118
2319 116
2318 116
2317 115
2316 128
2315 118
2314 116
2313 127
2312 115
2311 113
2310 118
2309 116
2308 126
2307 110
2306 115
2305 115
2304 113
2303 117
2302 117
2301 124
2300 114
2299 116
2298 117
2297 114
2296 115
2295 116
2294 127
2293 117
2292 112
2291 123
2290 113
2289 119
2288 115
2287 119
2286 117
2285 117
2284 114
2283 115
2282 118
2281 116
2280 116
2279 119
2278 116
2277 118
2276 125
2275 118
2274 117
2273 117
2272 118
2271 116
2270 121
2269 118
2268 118
2267 112
2266 118
2265 118
2264 125
2263 119
2262 118
2261 114
2260 116
2259 125
2258 116
2257 114
2256 117
2255 126
2254 115
2253 114
2252 113
2251 112
2250 118
2249 114
2248 117
2247 116
2246 114
2245 119
2244 119
2243 117
2242 117
2241 116
2240 104
2239 115
2238 117
2237 118
2236 118
2235 117
2234 117
2233 117
2232 119
2231 117
2230 114
2229 117
2228 117
2227 126
2226 116
2225 119
2224 119
2223 117
2222 116
2221 124
2220 115
2219 120
2218 118
2217 119
2216 119
2215 114
2214 117
2213 117
2212 118
2211 102
2210 123
2209 118
2208 118
2207 115
2206 115
2205 120
2204 118
2203 119
2202 119
2201 118
2200 119
2199 118
2198 124
2197 116
2196 116
2195 117
2194 117
2193 116
2192 125
2191 115
2190 116
2189 122
2188 116
2187 116
2186 116
2185 117
2184 116
2183 116
2182 120
2181 117
2180 124
2179 114
2178 124
2177 113
2176 116
2175 115
2174 118
2173 125
2172 113
2171 117
2170 117
2169 114
2168 115
2167 117
2166 119
2165 117
2164 115
2163 116
2162 112
2161 116
2160 119
2159 115
2158 114
2157 115
2156 117
2155 117
2154 119
2153 118
2152 118
2151 121
2150 114
2149 118
2148 125
2147 126
2146 117
2145 117
2144 119
2143 113
2142 117
2141 115
2140 118
2139 116
2138 118
2137 119
2136 116
2135 117
2134 117
2133 118
2132 116
2131 117
2130 117
2129 116
2128 117
2127 118
2126 118
2125 116
2124 118
2123 118
2122 117
2121 116
2120 116
2119 115
2118 120
2117 116
2116 118
2115 112
2114 115
2113 115
2112 118
2111 118
2110 116
2109 117
2108 115
2107 117
2106 118
2105 119
2104 114
2103 120
2102 114
2101 118
2100 114
2099 118
2098 117
2097 117
2096 118
2095 116
2094 114
2093 119
2092 112
2091 118
2090 115
2089 116
2088 118
2087 115
2086 117
2085 116
2084 117
2083 117
2082 116
2081 118
2080 118
2079 117
2078 117
2077 117
2076 115
2075 118
2074 118
2073 118
2072 104
2071 118
2070 114
2069 118
2068 115
2067 112
2066 116
2065 113
2064 116
2063 116
2062 119
2061 114
2060 114
2059 117
2058 113
2057 118
2056 117
2055 118
2054 116
2053 113
2052 116
2051 117
2050 117
2049 116
2048 118
2047 118
2046 119
2045 112
2044 118
2043 117
2042 115
2041 117
2040 115
2039 115
2038 112
2037 117
2036 120
2035 117
2034 114
2033 117
2032 113
2031 114
2030 118
2029 118
2028 119
2027 117
2026 116
2025 115
2024 116
2023 114
2022 114
2021 117
2020 114
2019 116
2018 117
2017 114
2016 119
2015 116
2014 117
2013 117
2012 118
2011 116
2010 111
2009 116
2008 116
2007 117
2006 115
2005 118
2004 117
2003 116
2002 119
2001 115
2000 116
1999 118
1998 108
1997 117
1996 116
1995 116
1994 118
1993 118
1992 117
1991 118
1990 116
1989 118
1988 117
1987 116
1986 115
1985 116
1984 117
1983 115
1982 118
1981 118
1980 115
1979 118
1978 116
1977 118
1976 115
1975 117
1974 117
1973 115
1972 115
1971 115
1970 117
1969 103
1968 108
1967 117
1966 104
1965 112
1964 107
1963 115
1962 118
1961 115
1960 115
1959 116
1958 118
1957 117
1956 118
1955 117
1954 114
1953 116
1952 115
1951 116
1950 116
1949 114
1948 118
1947 115
1946 119
1945 120
1944 116
1943 118
1942 118
1941 115
1940 118
1939 115
1938 118
1937 117
1936 114
1935 115
1934 114
1933 118
1932 117
1931 116
1930 118
1929 116
1928 109
1927 117
1926 117
1925 115
1924 115
1923 119
1922 116
1921 107
1920 115
1919 117
1918 117
1917 109
1916 120
1915 118
1914 108
1913 116
1912 117
1911 121
1910 116
1909 118
1908 116
1907 114
1906 102
1905 114
1904 117
1903 116
1902 116
1901 117
1900 117
1899 119
1898 108
1897 119
1896 113
1895 107
1894 117
1893 119
1892 106
1891 106
1890 116
1889 115
1888 117
1887 114
1886 117
1885 117
1884 118
1883 114
1882 107
1881 118
1880 116
1879 114
1878 115
1877 108
1876 116
1875 108
1874 117
1873 115
1872 117
1871 118
1870 119
1869 115
1868 118
1867 118
1866 109
1865 111
1864 118
1863 118
1862 117
1861 118
1860 118
1859 119
1858 107
1857 119
1856 104
1855 115
1854 116
1853 109
1852 114
1851 116
1850 108
1849 107
1848 108
1847 118
1846 116
1845 115
1844 116
1843 117
1842 114
1841 118
1840 114
1839 115
1838 115
1837 114
1836 112
1835 119
1834 110
1833 116
1832 109
1831 116
1830 119
1829 116
1828 117
1827 115
1826 120
1825 116
1824 117
1823 118
1822 118
1821 118
1820 114
1819 117
1818 117
1817 115
1816 116
1815 110
1814 105
1813 114
1812 116
1811 111
1810 112
1809 116
1808 120
1807 115
1806 116
1805 115
1804 116
1803 114
1802 108
1801 118
1800 118
1799 119
1798 117
1797 117
1796 115
1795 117
1794 118
1793 115
1792 115
1791 115
1790 117
1789 107
1788 117
1787 110
1786 115
1785 114
1784 112
1783 104
1782 115
1781 116
1780 118
1779 120
1778 118
1777 118
1776 116
1775 118
1774 116
1773 117
1772 117
1771 113
1770 114
1769 111
1768 115
1767 117
1766 115
1765 116
1764 114
1763 107
1762 117
1761 117
1760 104
1759 115
1758 116
1757 108
1756 118
1755 115
1754 108
1753 119
1752 118
1751 108
1750 114
1749 116
1748 115
1747 118
1746 114
1745 116
1744 117
1743 113
1742 117
1741 117
1740 115
1739 115
1738 116
1737 113
1736 103
1735 115
1734 117
1733 107
1732 117
1731 107
1730 109
1729 116
1728 116
1727 116
1726 114
1725 117
1724 117
1723 117
1722 116
1721 116
1720 117
1719 110
1718 118
1717 116
1716 117
1715 120
1714 107
1713 118
1712 117
1711 109
1710 116
1709 115
1708 114
1707 116
1706 116
1705 106
1704 116
1703 114
1702 108
1701 116
1700 105
1699 109
1698 115
1697 108
1696 110
1695 107
1694 106
1693 116
1692 106
1691 108
1690 112
1689 107
1688 107
1687 108
1686 117
1685 115
1684 107
1683 116
1682 113
1681 116
1680 117
1679 109
1678 106
1677 115
1676 117
1675 115
1674 115
1673 109
1672 110
1671 114
1670 115
1669 109
1668 115
1667 108
1666 117
1665 116
1664 113
1663 119
1662 104
1661 108
1660 107
1659 116
1658 116
1657 115
1656 116
1655 117
1654 116
1653 106
1652 116
1651 109
1650 103
1649 113
1648 114
1647 108
1646 119
1645 119
1644 116
1643 116
1642 113
1641 116
1640 116
1639 116
1638 116
1637 103
1636 116
1635 115
1634 119
1633 115
1632 117
1631 111
1630 106
1629 106
1628 117
1627 108
1626 107
1625 116
1624 107
1623 103
1622 114
1621 114
1620 108
1619 108
1618 116
1617 115
1616 116
1615 117
1614 92
1613 119
1612 116
1611 103
1610 107
1609 114
1608 113
1607 106
1606 116
1605 117
1604 115
1603 106
1602 106
1601 116
1600 101
1599 105
1598 115
1597 106
1596 109
1595 110
1594 116
1593 115
1592 106
1591 115
1590 116
1589 106
1588 116
1587 117
1586 116
1585 108
1584 107
1583 105
1582 117
1581 117
1580 116
1579 116
1578 106
1577 107
1576 116
1575 102
1574 115
1573 118
1572 107
1571 116
1570 105
1569 114
1568 114
1567 119
1566 115
1565 115
1564 117
1563 117
1562 115
1561 115
1560 116
1559 117
1558 108
1557 116
1556 119
1555 115
1554 117
1553 114
1552 114
1551 102
1550 108
1549 117
1548 104
1547 102
1546 107
1545 118
1544 117
1543 117
1542 115
1541 117
1540 108
1539 106
1538 105
1537 105
1536 116
1535 115
1534 104
1533 117
1532 106
1531 111
1530 115
1529 107
1528 107
1527 118
1526 106
1525 105
1524 105
1523 118
1522 106
1521 114
1520 105
1519 107
1518 108
1517 117
1516 106
1515 106
1514 115
1513 114
1512 114
1511 116
1510 105
1509 116
1508 105
1507 109
1506 117
1505 112
1504 108
1503 109
1502 117
1501 107
1500 115
1499 114
1498 108
1497 112
1496 104
1495 114
1494 111
1493 105
1492 103
1491 118
1490 115
1489 104
1488 106
1487 109
1486 107
1485 113
1484 107
1483 117
1482 108
1481 118
1480 116
1479 114
1478 106
1477 106
1476 107
1475 107
1474 106
1473 117
1472 115
1471 108
1470 107
1469 106
1468 103
1467 114
1466 115
1465 108
1464 105
1463 117
1462 111
1461 116
1460 115
1459 116
1458 106
1457 107
1456 117
1455 107
1454 117
1453 102
1452 112
1451 108
1450 105
1449 109
1448 107
1447 115
1446 106
1445 106
1444 105
1443 106
1442 109
1441 109
1440 116
1439 114
1438 107
1437 106
1436 107
1435 109
1434 115
1433 106
1432 115
1431 114
1430 106
1429 108
1428 117
1427 104
1426 108
1425 101
1424 109
1423 116
1422 108
1421 115
1420 117
1419 107
1418 108
1417 107
1416 109
1415 106
1414 113
1413 117
1412 83
1411 113
1410 117
1409 106
1408 113
1407 114
1406 108
1405 117
1404 108
1403 103
1402 115
1401 107
1400 107
1399 115
1398 108
1397 108
1396 107
1395 115
1394 108
1393 106
1392 113
1391 115
1390 116
1389 116
1388 115
1387 105
1386 113
1385 112
1384 106
1383 106
1382 116
1381 116
1380 118
1379 106
1378 117
1377 117
1376 109
1375 107
1374 106
1373 107
1372 107
1371 118
1370 109
1369 116
1368 109
1367 113
1366 113
1365 114
1364 109
1363 106
1362 117
1361 115
1360 115
1359 113
1358 115
1357 108
1356 117
1355 114
1354 109
1353 107
1352 105
1351 106
1350 90
1349 113
1348 106
1347 115
1346 115
1345 108
1344 106
1343 114
1342 118
1341 117
1340 107
1339 116
1338 117
1337 106
1336 105
1335 113
1334 108
1333 107
1332 116
1331 105
1330 104
1329 116
1328 106
1327 106
1326 114
1325 105
1324 107
1323 116
1322 103
1321 115
1320 115
1319 115
1318 105
1317 109
1316 105
1315 105
1314 107
1313 107
1312 107
1311 115
1310 108
1309 118
1308 110
1307 107
1306 116
1305 106
1304 107
1303 103
1302 112
1301 114
1300 105
1299 108
1298 107
1297 114
1296 117
1295 108
1294 106
1293 109
1292 104
1291 115
1290 105
1289 108
1288 106
1287 115
1286 112
1285 117
1284 115
1283 107
1282 117
1281 104
1280 108
1279 106
1278 108
1277 106
1276 113
1275 108
1274 104
1273 107
1272 118
1271 106
1270 106
1269 107
1268 105
1267 107
1266 104
1265 101
1264 107
1263 104
1262 105
1261 108
1260 118
1259 107
1258 114
1257 108
1256 105
1255 112
1254 115
1253 114
1252 108
1251 112
1250 108
1249 106
1248 106
1247 107
1246 108
1245 106
1244 112
1243 106
1242 116
1241 116
1240 116
1239 107
1238 108
1237 108
1236 116
1235 107
1234 109
1233 106
1232 105
1231 106
1230 116
1229 114
1228 117
1227 107
1226 117
1225 112
1224 107
1223 114
1222 105
1221 105
1220 116
1219 109
1218 106
1217 116
1216 107
1215 108
1214 106
1213 106
1212 107
1211 105
1210 107
1209 108
1208 104
1207 108
1206 106
1205 94
1204 105
1203 106
1202 106
1201 107
1200 117
1199 115
1198 104
1197 115
1196 109
1195 108
1194 110
1193 105
1192 110
1191 115
1190 113
1189 107
1188 106
1187 108
1186 107
1185 107
1184 105
1183 115
1182 114
1181 116
1180 114
1179 115
1178 107
1177 113
1176 102
1175 107
1174 103
1173 106
1172 103
1171 107
1170 106
1169 102
1168 92
1167 106
1166 107
1165 109
1164 108
1163 107
1162 110
1161 116
1160 109
1159 107
1158 114
1157 109
1156 109
1155 107
1154 107
1153 102
1152 108
1151 116
1150 106
1149 106
1148 106
1147 105
1146 107
1145 109
1144 107
1143 106
1142 106
1141 105
1140 107
1139 107
1138 107
1137 105
1136 106
1135 107
1134 112
1133 107
1132 108
1131 105
1130 108
1129 107
1128 111
1127 107
1126 108
1125 106
1124 104
1123 106
1122 109
1121 107
1120 114
1119 109
1118 106
1117 107
1116 106
1115 103
1114 108
1113 108
1112 106
1111 106
1110 116
1109 105
1108 104
1107 105
1106 107
1105 114
1104 105
1103 105
1102 105
1101 106
1100 106
1099 109
1098 115
1097 107
1096 106
1095 106
1094 106
1093 115
1092 107
1091 108
1090 107
1089 107
1088 103
1087 105
1086 105
1085 103
1084 101
1083 107
1082 106
1081 106
1080 106
1079 104
1078 105
1077 104
1076 106
1075 107
1074 106
1073 105
1072 107
1071 106
1070 103
1069 109
1068 105
1067 109
1066 107
1065 95
1064 105
1063 106
1062 105
1061 106
1060 106
1059 106
1058 105
1057 105
1056 103
1055 109
1054 105
1053 106
1052 109
1051 105
1050 106
1049 104
1048 107
1047 108
1046 103
1045 106
1044 103
1043 105
1042 107
1041 106
1040 105
1039 105
1038 108
1037 107
1036 104
1035 107
1034 106
1033 106
1032 106
1031 106
1030 108
1029 107
1028 108
1027 107
1026 106
1025 110
1024 102
1023 106
1022 104
1021 108
1020 95
1019 105
1018 108
1017 104
1016 108
1015 106
1014 107
1013 105
1012 106
1011 108
1010 104
1009 106
1008 105
1007 105
1006 105
1005 108
1004 106
1003 108
1002 106
1001 104
1000 108
999 104
998 106
997 106
996 107
995 107
994 104
993 106
992 105
991 103
990 105
989 105
988 106
987 106
986 107
985 109
984 107
983 105
982 106
981 105
980 108
979 107
978 102
977 98
976 106
975 107
974 105
973 102
972 93
971 107
970 105
969 103
968 106
967 104
966 108
965 106
964 104
963 107
962 105
961 108
960 106
959 97
958 95
957 107
956 107
955 106
954 108
953 97
952 106
951 109
950 105
949 105
948 106
947 108
946 97
945 106
944 98
943 108
942 106
941 107
940 104
939 104
938 104
937 103
936 106
935 103
934 106
933 105
932 109
931 104
930 102
929 106
928 106
927 106
926 106
925 105
924 106
923 110
922 107
921 109
920 105
919 107
918 106
917 97
916 108
915 104
914 106
913 106
912 102
911 104
910 107
909 97
908 107
907 104
906 106
905 97
904 104
903 107
902 96
901 108
900 107
899 107
898 105
897 105
896 99
895 105
894 106
893 106
892 95
891 107
890 98
889 107
888 97
887 107
886 103
885 105
884 106
883 99
882 104
881 104
880 106
879 98
878 104
877 97
876 107
875 104
874 105
873 105
872 102
871 107
870 99
869 106
868 104
867 104
866 106
865 93
864 103
863 108
862 105
861 94
860 107
859 96
858 98
857 99
856 99
855 98
854 104
853 91
852 83
851 97
850 107
849 104
848 103
847 97
846 105
845 106
844 105
843 106
842 108
841 106
840 108
839 104
838 107
837 104
836 96
835 100
834 105
833 105
832 108
831 93
830 103
829 96
828 106
827 108
826 107
825 97
824 107
823 96
822 105
821 95
820 104
819 98
818 106
817 104
816 95
815 105
814 106
813 105
812 105
811 105
810 106
809 98
808 106
807 105
806 99
805 107
804 101
803 107
802 109
801 106
800 96
799 104
798 107
797 105
796 97
795 95
794 105
793 107
792 95
791 104
790 96
789 107
788 103
787 92
786 98
785 96
784 108
783 105
782 106
781 106
780 98
779 104
778 94
777 104
776 104
775 108
774 96
773 105
772 103
771 105
770 106
769 105
768 106
767 108
766 104
765 94
764 98
763 96
762 107
761 103
760 96
759 105
758 104
757 98
756 93
755 104
754 104
753 107
752 97
751 103
750 97
749 95
748 105
747 106
746 104
745 81
744 92
743 107
742 107
741 94
740 98
739 104
738 98
737 96
736 98
735 96
734 106
733 98
732 103
731 99
730 106
729 106
728 107
727 97
726 96
725 97
724 105
723 105
722 106
721 104
720 102
719 97
718 106
717 106
716 105
715 95
714 93
713 95
712 98
711 104
710 103
709 96
708 101
707 104
706 107
705 95
704 105
703 105
702 97
701 106
700 98
699 97
698 107
697 94
696 98
695 96
694 94
693 96
692 96
691 106
690 104
689 92
688 105
687 96
686 103
685 107
684 96
683 105
682 98
681 94
680 104
679 108
678 96
677 102
676 97
675 98
674 97
673 105
672 107
671 96
670 96
669 104
668 103
667 97
666 93
665 96
664 104
663 98
662 81
661 98
660 107
659 93
658 106
657 93
656 98
655 103
654 106
653 102
652 96
651 105
650 105
649 97
648 99
647 97
646 97
645 95
644 107
643 106
642 107
641 98
640 98
639 92
638 97
637 97
636 97
635 103
634 104
633 105
632 96
631 98
630 97
629 105
628 95
627 106
626 95
625 96
624 95
623 97
622 103
621 96
620 106
619 105
618 105
617 98
616 107
615 97
614 96
613 96
612 95
611 97
610 95
609 103
608 105
607 96
606 97
605 106
604 106
603 97
602 97
601 96
600 96
599 98
598 96
597 96
596 96
595 95
594 96
593 95
592 97
591 97
590 97
589 97
588 94
587 104
586 97
585 96
584 97
583 104
582 96
581 95
580 90
579 95
578 97
577 97
576 102
575 100
574 96
573 94
572 96
571 98
570 95
569 95
568 96
567 95
566 103
565 98
564 99
563 95
562 96
561 95
560 96
559 96
558 95
557 96
556 96
555 98
554 105
553 96
552 95
551 97
550 91
549 95
548 97
547 95
546 97
545 96
544 96
543 96
542 95
541 96
540 96
539 98
538 96
537 95
536 96
535 96
534 96
533 94
532 97
531 97
530 96
529 94
528 94
527 95
526 94
525 94
524 95
523 96
522 95
521 92
520 95
519 96
518 99
517 98
516 98
515 94
514 95
513 96
512 94
511 96
510 95
509 96
508 94
507 95
506 96
505 95
504 95
503 94
502 95
501 94
500 96
499 95
498 93
497 94
496 92
495 96
494 88
493 97
492 96
491 95
490 95
489 93
488 96
487 96
486 94
485 97
484 97
483 94
482 97
481 97
480 97
479 95
478 93
477 96
476 94
475 94
474 95
473 95
472 96
471 97
470 97
469 95
468 94
467 94
466 95
465 85
464 83
463 95
462 98
461 88
460 95
459 86
458 96
457 95
456 95
455 96
454 93
453 95
452 92
451 92
450 97
449 97
448 93
447 96
446 85
445 96
444 93
443 85
442 87
441 94
440 95
439 96
438 94
437 86
436 97
435 95
434 86
433 97
432 97
431 94
430 96
429 87
428 87
427 96
426 92
425 86
424 87
423 96
422 97
421 95
420 93
419 86
418 96
417 88
416 93
415 96
414 84
413 93
412 96
411 85
410 86
409 86
408 87
407 95
406 87
405 87
404 88
403 84
402 94
401 89
400 95
399 94
398 97
397 94
396 86
395 86
394 85
393 93
392 94
391 87
390 97
389 98
388 94
387 95
386 85
385 95
384 93
383 86
382 82
381 97
380 94
379 86
378 85
377 84
376 85
375 94
374 94
373 96
372 94
371 88
370 91
369 87
368 92
367 95
366 85
365 87
364 97
363 86
362 95
361 91
360 96
359 85
358 86
357 82
356 94
355 97
354 85
353 82
352 86
351 92
350 83
349 87
348 85
347 85
346 86
345 96
344 96
343 85
342 87
341 86
340 94
339 85
338 84
337 92
336 93
335 88
334 85
333 85
332 93
331 86
330 94
329 85
328 86
327 85
326 86
325 87
324 93
323 86
322 88
321 94
320 83
319 87
318 95
317 94
316 86
315 83
314 94
313 94
312 86
311 96
310 94
309 85
308 88
307 88
306 97
305 83
304 94
303 87
302 95
301 87
300 87
299 85
298 96
297 84
296 86
295 86
294 95
293 87
292 85
291 89
290 85
289 85
288 96
287 87
286 94
285 95
284 84
283 85
282 86
281 63
280 84
279 84
278 86
277 93
276 86
275 84
274 88
273 84
272 85
271 85
270 85
269 84
268 81
267 86
266 83
265 84
264 85
263 86
262 83
261 87
260 84
259 85
258 87
257 84
256 86
255 84
254 82
253 87
252 84
251 86
250 84
249 86
248 85
247 77
246 85
245 87
244 83
243 84
242 78
241 86
240 85
239 83
238 85
237 77
236 84
235 85
234 86
233 84
232 83
231 85
230 83
229 83
228 72
227 86
226 86
225 85
224 83
223 83
222 85
221 84
220 77
219 85
218 84
217 87
216 85
215 84
214 86
213 83
212 85
211 85
210 76
209 85
208 86
207 86
206 86
205 76
204 75
203 75
202 75
201 84
200 86
199 76
198 86
197 77
196 87
195 75
194 86
193 76
192 76
191 75
190 86
189 86
188 76
187 77
186 77
185 83
184 75
183 73
182 75
181 84
180 85
179 85
178 83
177 83
176 76
175 76
174 78
173 83
172 64
171 76
170 85
169 84
168 76
167 77
166 74
165 75
164 75
163 76
162 75
161 84
160 76
159 75
158 76
157 76
156 84
155 85
154 85
153 74
152 63
151 74
150 75
149 83
148 83
147 84
146 75
145 74
144 76
143 74
142 76
141 77
140 76
139 76
138 75
137 74
136 77
135 74
134 84
133 74
132 75
131 74
130 75
129 75
128 72
127 75
126 74
125 74
124 74
123 73
122 73
121 75
120 74
119 72
118 74
117 74
116 75
115 74
114 73
113 75
112 73
111 74
110 72
109 65
108 75
107 72
106 71
105 72
104 74
103 74
102 71
101 74
100 66
99 71
98 64
97 66
96 75
95 64
94 66
93 73
92 75
91 72
90 73
89 65
88 73
87 65
86 65
85 74
84 66
83 71
82 64
81 65
80 73
79 65
78 65
77 66
76 65
75 65
74 65
73 64
72 66
71 66
70 63
69 73
68 66
67 63
66 62
65 64
64 64
63 62
62 64
61 65
60 64
59 64
58 62
57 60
56 63
55 65
54 56
53 64
52 64
51 61
50 64
49 65
48 63
47 63
46 53
45 63
44 54
43 54
42 64
41 54
40 53
39 63
38 55
37 60
36 55
35 53
34 53
33 51
32 54
31 54
30 53
29 55
28 55
27 52
26 52
25 45
24 43
23 53
22 52
21 53
20 44
19 50
18 43
17 44
16 45
15 43
14 44
13 42
12 43
11 40
10 33
9 39
8 33
7 29
6 23
5 32
4 23
3 22
2 12
1 12
