0 2
1 11
2 5
3 11
4 11
5 5
6 17
7 11
8 5
9 11
10 11
11 23
12 5
13 5
14 11
15 17
16 5
17 23
18 5
19 17
20 5
21 17
22 29
23 11
24 5
25 23
26 17
27 17
28 5
29 5
30 23
31 17
32 5
33 23
34 11
35 11
36 23
37 11
38 35
39 11
40 17
41 11
42 17
43 11
44 17
45 23
46 17
47 17
48 23
49 11
50 5
51 17
52 5
53 5
54 5
55 17
56 11
57 5
58 5
59 5
60 11
61 11
62 11
63 29
64 17
65 11
66 5
67 5
68 17
69 5
70 17
71 17
72 11
73 5
74 11
75 11
76 5
77 11
78 5
79 23
80 5
81 5
82 5
83 11
84 11
85 17
86 5
87 23
88 5
89 5
90 5
91 35
92 5
93 17
94 5
95 11
96 35
97 11
98 35
99 5
100 17
101 17
102 5
103 11
104 11
105 11
106 41
107 17
108 29
109 11
110 5
111 5
112 11
113 5
114 11
115 23
116 11
117 11
118 11
119 17
120 5
121 5
122 5
123 17
124 11
125 5
126 17
127 17
128 17
129 23
130 35
131 11
132 17
133 5
134 5
135 11
136 23
137 5
138 11
139 11
140 29
141 5
142 5
143 11
144 23
145 29
146 11
147 17
148 47
149 11
150 5
151 5
152 5
153 5
154 5
155 5
156 5
157 11
158 11
159 11
160 5
161 11
162 5
163 5
164 23
165 11
166 17
167 29
168 5
169 11
170 5
171 5
172 29
173 11
174 17
175 35
176 17
177 11
178 41
179 11
180 17
181 11
182 11
183 5
184 5
185 23
186 5
187 5
188 5
189 5
190 5
191 11
192 23
193 11
194 11
195 29
196 5
197 23
198 5
199 17
200 5
201 5
202 23
203 11
204 5
205 5
206 5
207 17
208 5
209 23
210 5
211 5
212 11
213 11
214 11
215 29
216 5
217 11
218 5
219 5
220 5
221 5
222 11
223 11
224 23
225 11
226 5
227 11
228 5
229 35
230 5
231 17
232 5
233 17
234 29
235 11
236 23
237 11
238 5
239 11
240 5
241 11
242 5
243 5
244 17
245 5
246 17
247 17
248 5
249 5
250 5
251 11
252 29
253 5
254 5
255 5
256 35
257 5
258 11
259 11
260 5
261 5
262 17
263 23
264 5
265 11
266 5
267 29
268 17
269 17
270 5
271 41
272 23
273 11
274 11
275 29
276 11
277 11
278 5
279 23
280 17
281 5
282 5
283 17
284 11
285 11
286 5
287 29
288 23
289 17
290 5
291 11
292 5
293 17
294 11
295 17
296 23
297 5
298 5
299 5
300 17
301 11
302 11
303 23
304 11
305 29
306 5
307 23
308 5
309 17
310 5
311 23
312 29
313 5
314 5
315 5
316 5
317 17
318 5
319 5
320 23
321 17
322 29
323 29
324 11
325 5
326 11
327 17
328 17
329 11
330 23
331 23
332 41
333 11
334 41
335 5
336 17
337 11
338 29
339 17
340 23
341 5
342 11
343 5
344 5
345 5
346 5
347 11
348 5
349 5
350 5
351 5
352 11
353 5
354 17
355 11
356 35
357 11
358 5
359 17
360 5
361 5
362 5
363 11
364 5
365 23
366 17
367 5
368 17
369 5
370 11
371 5
372 5
373 29
374 5
375 23
376 11
377 5
378 11
379 5
380 17
381 11
382 5
383 23
384 5
385 17
386 5
387 23
388 5
389 5
390 11
391 5
392 11
393 5
394 5
395 5
396 11
397 11
398 5
399 23
400 23
401 17
402 5
403 11
404 5
405 5
406 17
407 17
408 17
409 11
410 5
411 23
412 11
413 5
414 5
415 11
416 11
417 5
418 5
419 5
420 5
421 11
422 11
423 17
424 5
425 41
426 5
427 17
428 5
429 47
430 23
431 23
432 11
433 5
434 5
435 17
436 29
437 11
438 5
439 23
440 23
441 11
442 47
443 5
444 11
445 11
446 17
447 17
448 23
449 29
450 41
451 5
452 5
453 5
454 17
455 11
456 11
457 11
458 23
459 5
460 35
461 5
462 5
463 17
464 17
465 11
466 5
467 11
468 17
469 11
470 17
471 5
472 11
473 11
474 35
475 5
476 5
477 5
478 11
479 23
480 29
481 11
482 11
483 17
484 5
485 11
486 5
487 5
488 17
489 23
490 5
491 17
492 5
493 11
494 23
495 17
496 5
497 11
498 5
499 5
500 29
501 11
502 5
503 11
504 35
505 29
506 5
507 17
508 5
509 17
510 11
511 11
512 29
513 29
514 5
515 5
516 11
517 5
518 5
519 17
520 29
521 5
522 5
523 11
524 5
525 5
526 5
527 11
528 23
529 17
530 5
531 11
532 17
533 11
534 5
535 29
536 5
537 5
538 5
539 11
540 11
541 5
542 11
543 29
544 5
545 5
546 11
547 11
548 5
549 11
550 11
551 11
552 11
553 17
554 5
555 17
556 5
557 11
558 23
559 5
560 5
561 5
562 5
563 11
564 23
565 5
566 29
567 23
568 11
569 5
570 11
571 5
572 5
573 5
574 11
575 11
576 5
577 17
578 5
579 5
580 11
581 5
582 11
583 17
584 5
585 11
586 5
587 11
588 11
589 5
590 5
591 11
592 5
593 5
594 17
595 17
596 17
597 5
598 5
599 17
600 5
601 29
602 5
603 17
604 17
605 5
606 5
607 17
608 5
609 47
610 11
611 11
612 47
613 11
614 17
615 23
616 5
617 11
618 5
619 11
620 11
621 23
622 5
623 5
624 5
625 11
626 5
627 17
628 5
629 17
630 29
631 17
632 5
633 23
634 17
635 17
636 17
637 17
638 5
639 5
640 11
641 11
642 17
643 5
644 11
645 11
646 5
647 17
648 5
649 5
650 23
651 11
652 11
653 29
654 29
655 17
656 23
657 17
658 5
659 23
660 5
661 5
662 5
663 17
664 11
665 11
666 5
667 23
668 5
669 5
670 11
671 11
672 5
673 11
674 17
675 11
676 23
677 29
678 17
679 5
680 11
681 35
682 11
683 11
684 5
685 11
686 11
687 11
688 17
689 5
690 11
691 5
692 23
693 5
694 29
695 23
696 5
697 11
698 5
699 11
700 11
701 41
702 11
703 17
704 5
705 5
706 17
707 5
708 11
709 5
710 11
711 5
712 11
713 5
714 17
715 23
716 5
717 11
718 5
719 23
720 23
721 11
722 17
723 5
724 17
725 11
726 17
727 11
728 17
729 5
730 11
731 5
732 17
733 23
734 23
735 5
736 17
737 5
738 5
739 23
740 29
741 11
742 11
743 17
744 5
745 5
746 17
747 5
748 11
749 29
750 5
751 23
752 5
753 35
754 5
755 17
756 11
757 11
758 17
759 11
760 17
761 11
762 5
763 17
764 5
765 5
766 17
767 11
768 11
769 5
770 5
771 23
772 5
773 11
774 11
775 17
776 5
777 11
778 5
779 11
780 5
781 5
782 5
783 41
784 5
785 5
786 5
787 17
788 53
789 11
790 5
791 5
792 11
793 5
794 5
795 11
796 11
797 53
798 5
799 11
800 5
801 5
802 35
803 11
804 5
805 11
806 35
807 17
808 11
809 11
810 5
811 11
812 11
813 17
814 5
815 5
816 23
817 5
818 11
819 11
820 11
821 23
822 11
823 11
824 5
825 23
826 23
827 11
828 11
829 11
830 17
831 17
832 5
833 11
834 5
835 17
836 5
837 5
838 23
839 29
840 5
841 11
842 5
843 17
844 35
845 5
846 11
847 23
848 5
849 5
850 5
851 11
852 23
853 11
854 17
855 5
856 17
857 41
858 5
859 11
860 5
861 5
862 5
863 5
864 5
865 5
866 23
867 17
868 5
869 11
870 5
871 5
872 5
873 5
874 29
875 11
876 41
877 11
878 5
879 11
880 17
881 5
882 5
883 11
884 17
885 11
886 5
887 17
888 17
889 11
890 17
891 5
892 5
893 23
894 5
895 11
896 5
897 17
898 11
899 35
900 5
901 5
902 5
903 17
904 17
905 23
906 5
907 11
908 23
909 47
910 5
911 11
912 17
913 5
914 5
915 17
916 5
917 17
918 5
919 11
920 5
921 11
922 5
923 17
924 5
925 11
926 11
927 23
928 11
929 5
930 29
931 17
932 23
933 5
934 11
935 23
936 5
937 5
938 17
939 11
940 5
941 23
942 5
943 17
944 29
945 11
946 5
947 11
948 29
949 11
950 5
951 17
952 17
953 11
954 5
955 11
956 5
957 5
958 11
959 11
960 5
961 11
962 5
963 11
964 5
965 35
966 41
967 23
968 23
969 5
970 11
971 11
972 59
973 11
974 11
975 11
976 29
977 5
978 29
979 17
980 5
981 11
982 17
983 11
984 17
985 5
986 23
987 11
988 29
989 11
990 5
991 23
992 17
993 35
994 5
995 17
996 5
997 11
998 11
999 5
1000 17
1001 5
1002 11
1003 11
1004 23
1005 11
1006 23
1007 11
1008 35
1009 11
1010 5
1011 5
1012 11
1013 5
1014 5
1015 23
1016 23
1017 11
1018 11
1019 11
1020 5
1021 17
1022 5
1023 11
1024 17
1025 17
1026 5
1027 47
1028 5
1029 5
1030 5
1031 17
1032 5
1033 5
1034 23
1035 17
1036 5
1037 17
1038 5
1039 5
1040 5
1041 11
1042 5
1043 5
1044 17
1045 11
1046 5
1047 11
1048 47
1049 47
1050 11
1051 11
1052 5
1053 11
1054 17
1055 11
1056 17
1057 5
1058 11
1059 11
1060 5
1061 11
1062 5
1063 11
1064 11
1065 23
1066 5
1067 35
1068 17
1069 5
1070 5
1071 5
1072 17
1073 11
1074 11
1075 5
1076 17
1077 29
1078 5
1079 41
1080 5
1081 17
1082 5
1083 5
1084 5
1085 17
1086 5
1087 17
1088 5
1089 11
1090 5
1091 11
1092 41
1093 5
1094 5
1095 5
1096 5
1097 11
1098 5
1099 17
1100 5
1101 11
1102 5
1103 23
1104 5
1105 11
1106 11
1107 5
1108 17
1109 5
1110 5
1111 17
1112 5
1113 17
1114 5
1115 29
1116 5
1117 11
1118 5
1119 5
1120 5
1121 11
1122 5
1123 5
1124 17
1125 65
1126 17
1127 17
1128 17
1129 11
1130 5
1131 11
1132 11
1133 29
1134 17
1135 11
1136 23
1137 5
1138 5
1139 11
1140 5
1141 23
1142 29
1143 5
1144 23
1145 17
1146 29
1147 29
1148 23
1149 11
1150 11
1151 5
1152 41
1153 11
1154 11
1155 5
1156 5
1157 5
1158 17
1159 11
1160 5
1161 29
1162 5
1163 5
1164 29
1165 11
1166 5
1167 11
1168 17
1169 5
1170 11
1171 11
1172 11
1173 5
1174 5
1175 5
1176 5
1177 5
1178 5
1179 5
1180 5
1181 5
1182 11
1183 11
1184 17
1185 41
1186 29
1187 11
1188 5
1189 5
1190 5
1191 5
1192 23
1193 5
1194 17
1195 11
1196 5
1197 23
1198 11
1199 11
1200 5
1201 41
1202 11
1203 5
1204 11
1205 11
1206 5
1207 23
1208 5
1209 5
1210 11
1211 17
1212 11
1213 11
1214 5
1215 11
1216 23
1217 11
1218 5
1219 17
1220 5
1221 5
1222 5
1223 11
1224 23
1225 11
1226 5
1227 5
1228 11
1229 5
1230 11
1231 11
1232 17
1233 17
1234 5
1235 17
1236 5
1237 17
1238 5
1239 11
1240 5
1241 17
1242 5
1243 17
1244 29
1245 11
1246 5
1247 5
1248 5
1249 5
1250 5
1251 23
1252 5
1253 5
1254 23
1255 23
1256 23
1257 11
1258 17
1259 5
1260 17
1261 5
1262 5
1263 5
1264 29
1265 11
1266 11
1267 11
1268 11
1269 5
1270 5
1271 11
1272 5
1273 5
1274 5
1275 23
1276 35
1277 5
1278 5
1279 11
1280 23
1281 29
1282 23
1283 5
1284 29
1285 11
1286 35
1287 11
1288 5
1289 17
1290 11
1291 5
1292 5
1293 11
1294 17
1295 5
1296 35
1297 35
1298 5
1299 17
1300 5
1301 11
1302 5
1303 11
1304 23
1305 11
1306 41
1307 11
1308 5
1309 29
1310 5
1311 11
1312 5
1313 5
1314 23
1315 11
1316 5
1317 11
1318 5
1319 17
1320 5
1321 5
1322 11
1323 17
1324 17
1325 11
1326 5
1327 11
1328 17
1329 5
1330 5
1331 5
1332 5
1333 11
1334 5
1335 11
1336 5
1337 11
1338 5
1339 5
1340 17
1341 11
1342 11
1343 17
1344 17
1345 11
1346 29
1347 11
1348 5
1349 17
1350 17
1351 11
1352 5
1353 11
1354 17
1355 5
1356 23
1357 5
1358 5
1359 17
1360 5
1361 17
1362 5
1363 5
1364 11
1365 5
1366 5
1367 5
1368 17
1369 17
1370 5
1371 5
1372 11
1373 5
1374 29
1375 11
1376 17
1377 59
1378 23
1379 17
1380 11
1381 17
1382 17
1383 5
1384 11
1385 5
1386 5
1387 5
1388 11
1389 5
1390 23
1391 11
1392 23
1393 11
1394 5
1395 11
1396 17
1397 11
1398 5
1399 11
1400 5
1401 5
1402 5
1403 29
1404 5
1405 5
1406 5
1407 11
1408 5
1409 11
1410 11
1411 29
1412 23
1413 5
1414 11
1415 17
1416 23
1417 11
1418 29
1419 5
1420 11
1421 5
1422 5
1423 11
1424 5
1425 29
1426 5
1427 5
1428 23
1429 5
1430 5
1431 17
1432 17
1433 5
1434 41
1435 17
1436 5
1437 11
1438 11
1439 11
1440 11
1441 5
1442 5
1443 35
1444 23
1445 5
1446 5
1447 17
1448 29
1449 5
1450 11
1451 17
1452 17
1453 5
1454 11
1455 17
1456 23
1457 17
1458 23
1459 41
1460 5
1461 11
1462 5
1463 17
1464 17
1465 11
1466 5
1467 5
1468 5
1469 5
1470 5
1471 5
1472 35
1473 11
1474 11
1475 17
1476 29
1477 5
1478 11
1479 5
1480 11
1481 5
1482 23
1483 11
1484 5
1485 5
1486 5
1487 5
1488 23
1489 29
1490 5
1491 35
1492 5
1493 5
1494 5
1495 23
1496 5
1497 11
1498 5
1499 17
1500 5
1501 5
1502 23
1503 5
1504 17
1505 23
1506 5
1507 5
1508 5
1509 11
1510 47
1511 11
1512 5
1513 23
1514 5
1515 17
1516 5
1517 5
1518 5
1519 47
1520 5
1521 11
1522 5
1523 17
1524 23
1525 11
1526 5
1527 17
1528 17
1529 5
1530 5
1531 23
1532 5
1533 5
1534 11
1535 11
1536 23
1537 5
1538 5
1539 17
1540 5
1541 11
1542 5
1543 11
1544 29
1545 5
1546 11
1547 17
1548 5
1549 11
1550 5
1551 11
1552 11
1553 35
1554 5
1555 11
1556 5
1557 11
1558 5
1559 11
1560 17
1561 5
1562 17
1563 23
1564 23
1565 11
1566 11
1567 17
1568 5
1569 23
1570 29
1571 11
1572 5
1573 11
1574 5
1575 11
1576 29
1577 5
1578 5
1579 17
1580 11
1581 5
1582 17
1583 29
1584 23
1585 5
1586 5
1587 17
1588 17
1589 5
1590 5
1591 23
1592 5
1593 23
1594 5
1595 5
1596 5
1597 5
1598 11
1599 17
1600 11
1601 41
1602 5
1603 5
1604 29
1605 5
1606 11
1607 17
1608 23
1609 11
1610 5
1611 11
1612 5
1613 11
1614 11
1615 11
1616 5
1617 29
1618 5
1619 29
1620 5
1621 5
1622 5
1623 41
1624 29
1625 5
1626 5
1627 11
1628 5
1629 5
1630 5
1631 35
1632 17
1633 5
1634 35
1635 17
1636 5
1637 29
1638 5
1639 11
1640 11
1641 5
1642 23
1643 5
1644 17
1645 11
1646 5
1647 5
1648 5
1649 11
1650 17
1651 23
1652 5
1653 5
1654 29
1655 17
1656 11
1657 17
1658 5
1659 17
1660 5
1661 5
1662 17
1663 29
1664 5
1665 5
1666 29
1667 17
1668 11
1669 11
1670 11
1671 5
1672 23
1673 5
1674 35
1675 11
1676 11
1677 17
1678 5
1679 29
1680 53
1681 23
1682 5
1683 5
1684 17
1685 5
1686 17
1687 23
1688 5
1689 11
1690 11
1691 23
1692 5
1693 11
1694 5
1695 35
1696 5
1697 11
1698 11
1699 23
1700 11
1701 11
1702 5
1703 17
1704 5
1705 11
1706 17
1707 11
1708 5
1709 5
1710 5
1711 11
1712 17
1713 5
1714 11
1715 11
1716 5
1717 11
1718 5
1719 5
1720 5
1721 17
1722 5
1723 5
1724 11
1725 11
1726 5
1727 5
1728 5
1729 17
1730 5
1731 5
1732 29
1733 5
1734 5
1735 5
1736 23
1737 41
1738 11
1739 5
1740 17
1741 17
1742 5
1743 17
1744 5
1745 5
1746 11
1747 11
1748 5
1749 5
1750 5
1751 11
1752 5
1753 5
1754 5
1755 5
1756 11
1757 5
1758 5
1759 5
1760 35
1761 17
1762 5
1763 17
1764 5
1765 17
1766 11
1767 23
1768 5
1769 5
1770 5
1771 17
1772 11
1773 23
1774 5
1775 11
1776 11
1777 5
1778 23
1779 11
1780 11
1781 5
1782 23
1783 5
1784 35
1785 5
1786 23
1787 5
1788 5
1789 17
1790 11
1791 17
1792 11
1793 35
1794 5
1795 5
1796 11
1797 5
1798 5
1799 23
1800 5
1801 11
1802 5
1803 5
1804 5
1805 5
1806 5
1807 23
1808 11
1809 5
1810 5
1811 23
1812 17
1813 11
1814 17
1815 11
1816 5
1817 23
1818 5
1819 11
1820 11
1821 5
1822 11
1823 29
1824 23
1825 5
1826 5
1827 11
1828 5
1829 17
1830 5
1831 23
1832 5
1833 11
1834 17
1835 17
1836 5
1837 5
1838 23
1839 11
1840 11
1841 11
1842 5
1843 23
1844 5
1845 5
1846 23
1847 29
1848 11
1849 11
1850 11
1851 17
1852 5
1853 11
1854 17
1855 5
1856 11
1857 5
1858 5
1859 17
1860 5
1861 5
1862 11
1863 17
1864 5
1865 11
1866 23
1867 11
1868 11
1869 11
1870 5
1871 17
1872 29
1873 23
1874 5
1875 11
1876 11
1877 11
1878 11
1879 11
1880 5
1881 17
1882 5
1883 11
1884 5
1885 17
1886 65
1887 35
1888 17
1889 11
1890 5
1891 11
1892 17
1893 17
1894 5
1895 35
1896 5
1897 11
1898 17
1899 11
1900 5
1901 5
1902 5
1903 17
1904 5
1905 5
1906 11
1907 29
1908 5
1909 5
1910 5
1911 17
1912 47
1913 11
1914 11
1915 11
1916 11
1917 11
1918 5
1919 29
1920 23
1921 11
1922 5
1923 47
1924 5
1925 5
1926 11
1927 5
1928 5
1929 11
1930 17
1931 5
1932 5
1933 5
1934 11
1935 11
1936 29
1937 5
1938 5
1939 5
1940 5
1941 5
1942 11
1943 17
1944 5
1945 11
1946 5
1947 17
1948 5
1949 11
1950 17
1951 17
1952 23
1953 11
1954 11
1955 5
1956 11
1957 17
1958 5
1959 5
1960 11
1961 29
1962 5
1963 11
1964 11
1965 23
1966 5
1967 23
1968 11
1969 11
1970 17
1971 11
1972 5
1973 5
1974 11
1975 11
1976 17
1977 5
1978 5
1979 17
1980 11
1981 11
1982 5
1983 23
1984 41
1985 5
1986 5
1987 11
1988 17
1989 11
1990 17
1991 23
1992 5
1993 5
1994 5
1995 11
1996 11
1997 11
1998 5
1999 41
2000 5
2001 5
2002 11
2003 23
2004 11
2005 5
2006 11
2007 17
2008 11
2009 17
2010 5
2011 11
2012 5
2013 5
2014 5
2015 11
2016 11
2017 5
2018 11
2019 23
2020 5
2021 5
2022 35
2023 11
2024 11
2025 5
2026 5
2027 11
2028 5
2029 23
2030 5
2031 11
2032 11
2033 5
2034 5
2035 5
2036 23
2037 29
2038 5
2039 23
2040 23
2041 11
2042 5
2043 11
2044 5
2045 11
2046 11
2047 53
2048 5
2049 11
2050 5
2051 23
2052 11
2053 11
2054 11
2055 11
2056 5
2057 5
2058 5
2059 11
2060 5
2061 11
2062 5
2063 29
2064 5
2065 29
2066 5
2067 11
2068 17
2069 11
2070 17
2071 11
2072 5
2073 5
2074 23
2075 17
2076 5
2077 11
2078 5
2079 11
2080 17
2081 11
2082 11
2083 5
2084 5
2085 5
2086 5
2087 17
2088 23
2089 23
2090 5
2091 17
2092 17
2093 11
2094 17
2095 23
2096 5
2097 11
2098 11
2099 11
2100 5
2101 5
2102 41
2103 11
2104 5
2105 23
2106 11
2107 11
2108 5
2109 11
2110 5
2111 29
2112 17
2113 5
2114 17
2115 29
2116 5
2117 5
2118 5
2119 23
2120 23
2121 11
2122 23
2123 5
2124 23
2125 23
2126 35
2127 29
2128 11
2129 17
2130 11
2131 17
2132 5
2133 47
2134 5
2135 23
2136 23
2137 11
2138 5
2139 17
2140 17
2141 5
2142 5
2143 11
2144 17
2145 5
2146 11
2147 5
2148 17
2149 11
2150 11
2151 29
2152 5
2153 5
2154 11
2155 35
2156 5
2157 11
2158 5
2159 11
2160 11
2161 17
2162 5
2163 11
2164 5
2165 11
2166 17
2167 5
2168 5
2169 17
2170 11
2171 11
2172 17
2173 5
2174 11
2175 5
2176 11
2177 23
2178 5
2179 11
2180 47
2181 11
2182 11
2183 5
2184 17
2185 5
2186 5
2187 23
2188 11
2189 11
2190 5
2191 5
2192 23
2193 17
2194 5
2195 23
2196 23
2197 5
2198 11
2199 11
2200 5
2201 5
2202 17
2203 5
2204 11
2205 5
2206 29
2207 23
2208 5
2209 11
2210 11
2211 11
2212 5
2213 11
2214 17
2215 29
2216 5
2217 5
2218 5
2219 29
2220 11
2221 5
2222 5
2223 5
2224 11
2225 41
2226 5
2227 11
2228 17
2229 11
2230 5
2231 11
2232 5
2233 5
2234 5
2235 5
2236 5
2237 5
2238 5
2239 11
2240 11
2241 11
2242 5
2243 11
2244 5
2245 17
2246 23
2247 5
2248 17
2249 5
2250 5
2251 5
2252 11
2253 5
2254 17
2255 5
2256 5
2257 23
2258 5
2259 5
2260 23
2261 11
2262 5
2263 11
2264 17
2265 11
2266 5
2267 11
2268 5
2269 5
2270 5
2271 23
2272 5
2273 5
2274 5
2275 11
2276 17
2277 11
2278 5
2279 17
2280 29
2281 17
2282 5
2283 5
2284 11
2285 47
2286 29
2287 5
2288 17
2289 11
2290 5
2291 11
2292 5
2293 17
2294 5
2295 11
2296 29
2297 5
2298 11
2299 5
2300 11
2301 17
2302 5
2303 17
2304 11
2305 5
2306 11
2307 11
2308 5
2309 5
2310 5
2311 41
2312 5
2313 11
2314 5
2315 53
2316 5
2317 11
2318 23
2319 11
2320 17
2321 5
2322 5
2323 11
2324 5
2325 17
2326 5
2327 11
2328 5
2329 11
2330 17
2331 5
2332 11
2333 11
2334 11
2335 11
2336 5
2337 5
2338 5
2339 29
2340 35
2341 11
2342 11
2343 11
2344 5
2345 11
2346 23
2347 11
2348 11
2349 23
2350 5
2351 11
2352 5
2353 5
2354 11
2355 47
2356 29
2357 5
2358 5
2359 5
2360 5
2361 11
2362 35
2363 17
2364 17
2365 17
2366 5
2367 5
2368 5
2369 29
2370 17
2371 5
2372 5
2373 5
2374 5
2375 5
2376 5
2377 5
2378 23
2379 5
2380 17
2381 5
2382 5
2383 23
2384 5
2385 17
2386 5
2387 11
2388 5
2389 23
2390 29
2391 17
2392 17
2393 11
2394 5
2395 11
2396 17
2397 11
2398 23
2399 17
2400 11
2401 11
2402 17
2403 11
2404 5
2405 5
2406 5
2407 11
2408 11
2409 5
2410 41
2411 11
2412 5
2413 11
2414 5
2415 23
2416 11
2417 11
2418 5
2419 23
2420 5
2421 5
2422 11
2423 23
2424 11
2425 17
2426 5
2427 11
2428 17
2429 5
2430 11
2431 23
2432 53
2433 11
2434 5
2435 11
2436 17
2437 11
2438 5
2439 11
2440 23
2441 5
2442 17
2443 17
2444 11
2445 11
2446 11
2447 17
2448 5
2449 5
2450 17
2451 23
2452 5
2453 5
2454 53
2455 5
2456 11
2457 5
2458 17
2459 23
2460 5
2461 5
2462 5
2463 11
2464 17
2465 11
2466 5
2467 17
2468 5
2469 11
2470 29
2471 23
2472 5
2473 35
2474 5
2475 11
2476 11
2477 29
2478 5
2479 5
2480 17
2481 29
2482 5
2483 23
2484 11
2485 11
2486 11
2487 5
2488 29
2489 5
2490 11
2491 17
2492 5
2493 11
2494 5
2495 23
2496 11
2497 11
2498 23
2499 17
2500 23
2501 11
2502 11
2503 17
2504 5
2505 5
2506 11
2507 5
2508 23
2509 29
2510 11
2511 53
2512 23
2513 5
2514 5
2515 11
2516 5
2517 5
2518 5
2519 11
2520 23
2521 5
2522 11
2523 5
2524 5
2525 23
2526 5
2527 29
2528 5
2529 5
2530 5
2531 11
2532 5
2533 17
2534 5
2535 17
2536 5
2537 5
2538 5
2539 11
2540 11
2541 35
2542 5
2543 17
2544 11
2545 11
2546 29
2547 5
2548 5
2549 29
2550 5
2551 5
2552 5
2553 5
2554 5
2555 11
2556 17
2557 11
2558 5
2559 17
2560 17
2561 11
2562 11
2563 5
2564 23
2565 35
2566 5
2567 17
2568 17
2569 17
2570 29
2571 5
2572 11
2573 5
2574 5
2575 5
2576 29
2577 11
2578 23
2579 11
2580 5
2581 11
2582 11
2583 23
2584 11
2585 11
2586 11
2587 5
2588 29
2589 11
2590 17
2591 17
2592 5
2593 17
2594 5
2595 11
2596 5
2597 5
2598 5
2599 11
2600 35
2601 5
2602 5
2603 17
2604 23
2605 11
2606 11
2607 11
2608 5
2609 17
2610 5
2611 11
2612 23
2613 11
2614 5
2615 5
2616 11
2617 5
2618 5
2619 11
2620 5
2621 17
2622 5
2623 5
2624 17
2625 11
2626 23
2627 5
2628 5
2629 29
2630 41
2631 5
2632 29
2633 11
2634 5
2635 11
2636 11
2637 17
2638 5
2639 29
2640 11
2641 11
2642 5
2643 5
2644 11
2645 5
2646 17
2647 5
2648 11
2649 17
2650 5
2651 23
2652 29
2653 11
2654 5
2655 11
2656 17
2657 17
2658 5
2659 5
2660 17
2661 5
2662 11
2663 11
2664 5
2665 23
2666 5
2667 11
2668 5
2669 5
2670 17
2671 11
2672 17
2673 11
2674 5
2675 5
2676 11
2677 11
2678 17
2679 23
2680 5
2681 11
2682 5
2683 5
2684 5
2685 17
2686 5
2687 11
2688 23
2689 17
2690 5
2691 17
2692 5
2693 11
2694 35
2695 17
2696 11
2697 11
2698 5
2699 11
2700 17
2701 41
2702 5
2703 11
2704 17
2705 5
2706 5
2707 17
2708 5
2709 5
2710 5
2711 11
2712 5
2713 5
2714 5
2715 11
2716 5
2717 5
2718 11
2719 17
2720 17
2721 29
2722 5
2723 17
2724 5
2725 11
2726 35
2727 35
2728 29
2729 11
2730 5
2731 5
2732 5
2733 17
2734 5
2735 11
2736 17
2737 5
2738 5
2739 11
2740 11
2741 11
2742 5
2743 5
2744 29
2745 5
2746 5
2747 11
2748 11
2749 23
2750 5
2751 5
2752 17
2753 5
2754 5
2755 11
2756 11
2757 17
2758 23
2759 11
2760 11
2761 5
2762 11
2763 17
2764 5
2765 5
2766 11
2767 17
2768 5
2769 17
2770 23
2771 17
2772 5
2773 11
2774 5
2775 5
2776 11
2777 29
2778 29
2779 17
2780 5
2781 29
2782 5
2783 11
2784 35
2785 5
2786 5
2787 17
2788 5
2789 17
2790 5
2791 11
2792 11
2793 11
2794 23
2795 11
2796 17
2797 11
2798 11
2799 5
2800 23
2801 17
2802 5
2803 11
2804 5
2805 5
2806 23
2807 5
2808 11
2809 11
2810 5
2811 11
2812 11
2813 11
2814 11
2815 17
2816 23
2817 23
2818 17
2819 5
2820 5
2821 5
2822 17
2823 11
2824 35
2825 5
2826 11
2827 35
2828 5
2829 11
2830 11
2831 11
2832 5
2833 17
2834 11
2835 5
2836 11
2837 5
2838 5
2839 5
2840 5
2841 17
2842 23
2843 5
2844 11
2845 5
2846 23
2847 17
2848 29
2849 17
2850 5
2851 47
2852 11
2853 11
2854 5
2855 17
2856 5
2857 23
2858 5
2859 11
2860 23
2861 5
2862 11
2863 23
2864 5
2865 5
2866 29
2867 11
2868 5
2869 29
2870 5
2871 5
2872 41
2873 29
2874 5
2875 5
2876 11
2877 5
2878 5
2879 11
2880 5
2881 29
2882 17
2883 11
2884 17
2885 11
2886 11
2887 35
2888 5
2889 5
2890 5
2891 17
2892 17
2893 35
2894 11
2895 11
2896 5
2897 11
2898 5
2899 11
2900 23
2901 11
2902 5
2903 29
2904 11
2905 17
2906 29
2907 17
2908 17
2909 5
2910 29
2911 11
2912 11
2913 5
2914 5
2915 5
2916 11
2917 23
2918 5
2919 11
2920 35
2921 5
2922 11
2923 35
2924 5
2925 11
2926 11
2927 11
2928 11
2929 5
2930 29
2931 5
2932 5
2933 17
2934 5
2935 17
2936 5
2937 5
2938 5
2939 11
2940 5
2941 11
2942 5
2943 11
2944 11
2945 11
2946 5
2947 17
2948 17
2949 11
2950 23
2951 41
2952 29
2953 11
2954 11
2955 17
2956 5
2957 11
2958 41
2959 29
2960 23
2961 5
2962 11
2963 11
2964 5
2965 11
2966 17
2967 5
2968 23
2969 5
2970 11
2971 11
2972 5
2973 17
2974 5
2975 11
2976 29
2977 17
2978 17
2979 17
2980 5
2981 5
2982 5
2983 5
2984 5
2985 11
2986 11
2987 5
2988 5
2989 23
2990 17
2991 11
2992 11
2993 23
2994 5
2995 29
2996 5
2997 5
2998 5
2999 11
3000 29
3001 17
3002 5
3003 11
3004 5
3005 35
3006 5
3007 23
3008 5
3009 11
3010 5
3011 17
3012 5
3013 5
3014 5
3015 5
3016 17
3017 23
3018 5
3019 11
3020 5
3021 11
3022 5
3023 17
3024 35
3025 11
3026 11
3027 5
3028 23
3029 11
3030 5
3031 35
3032 11
3033 5
3034 5
3035 5
3036 17
3037 17
3038 11
3039 11
3040 17
3041 35
3042 5
3043 11
3044 5
3045 5
3046 17
3047 11
3048 11
3049 5
3050 11
3051 17
3052 11
3053 11
3054 5
3055 23
3056 5
3057 29
3058 17
3059 17
3060 5
3061 11
3062 11
3063 23
3064 5
3065 11
3066 5
3067 41
3068 5
3069 11
3070 11
3071 11
3072 11
3073 5
3074 17
3075 23
3076 11
3077 17
3078 17
3079 11
3080 5
3081 5
3082 5
3083 11
3084 11
3085 11
3086 23
3087 11
3088 5
3089 5
3090 5
3091 11
3092 17
3093 5
3094 5
3095 11
3096 35
3097 11
3098 29
3099 41
3100 5
3101 5
3102 5
3103 17
3104 17
3105 5
3106 11
3107 11
3108 5
3109 5
3110 11
3111 17
3112 47
3113 17
3114 5
3115 17
3116 5
3117 11
3118 11
3119 17
3120 5
3121 5
3122 23
3123 23
3124 11
3125 17
3126 29
3127 11
3128 11
3129 5
3130 23
3131 23
3132 11
3133 11
3134 5
3135 5
3136 35
3137 5
3138 5
3139 11
3140 5
3141 5
3142 5
3143 23
3144 11
3145 11
3146 17
3147 17
3148 5
3149 11
3150 23
3151 11
3152 11
3153 17
3154 5
3155 11
3156 17
3157 17
3158 5
3159 11
3160 5
3161 5
3162 17
3163 11
3164 5
3165 11
3166 11
3167 11
3168 5
3169 5
3170 5
3171 17
3172 17
3173 17
3174 17
3175 11
3176 23
3177 11
3178 23
3179 5
3180 17
3181 53
3182 5
3183 11
3184 17
3185 11
3186 35
3187 5
3188 5
3189 11
3190 11
3191 5
3192 11
3193 11
3194 23
3195 11
3196 17
3197 11
3198 11
3199 11
3200 5
3201 11
3202 5
3203 35
3204 5
3205 11
3206 11
3207 11
3208 5
3209 11
3210 11
3211 11
3212 23
3213 5
3214 5
3215 23
3216 11
3217 11
3218 5
3219 11
3220 5
3221 11
3222 11
3223 17
3224 5
3225 11
3226 5
3227 11
3228 5
3229 5
3230 5
3231 11
3232 47
3233 17
3234 5
3235 5
3236 17
3237 11
3238 5
3239 23
3240 5
3241 5
3242 5
3243 17
3244 17
3245 11
3246 5
3247 11
3248 17
3249 5
3250 35
3251 23
3252 5
3253 5
3254 5
3255 5
3256 23
3257 11
3258 11
3259 23
3260 23
3261 11
3262 17
3263 11
3264 11
3265 23
3266 5
3267 11
3268 17
3269 29
3270 5
3271 23
3272 11
3273 11
3274 11
3275 5
3276 5
3277 17
3278 17
3279 17
3280 23
3281 11
3282 5
3283 17
3284 17
3285 11
3286 23
3287 11
3288 5
3289 5
3290 5
3291 17
3292 5
3293 5
3294 5
3295 11
3296 23
3297 5
3298 5
3299 29
3300 5
3301 11
3302 5
3303 17
3304 5
3305 35
3306 47
3307 5
3308 5
3309 5
3310 17
3311 17
3312 5
3313 29
3314 5
3315 11
3316 29
3317 11
3318 5
3319 11
3320 11
3321 17
3322 23
3323 17
3324 23
3325 17
3326 5
3327 11
3328 29
3329 11
3330 11
3331 11
3332 17
3333 11
3334 35
3335 23
3336 11
3337 23
3338 5
3339 17
3340 5
3341 17
3342 5
3343 17
3344 17
3345 11
3346 5
3347 5
3348 11
3349 17
3350 5
3351 11
3352 23
3353 5
3354 5
3355 23
3356 23
3357 5
3358 11
3359 11
3360 5
3361 11
3362 5
3363 23
3364 5
3365 5
3366 29
3367 17
3368 5
3369 17
3370 5
3371 11
3372 23
3373 5
3374 11
3375 29
3376 5
3377 11
3378 17
3379 17
3380 5
3381 5
3382 11
3383 17
3384 5
3385 17
3386 11
3387 11
3388 23
3389 11
3390 5
3391 11
3392 17
3393 5
3394 5
3395 23
3396 5
3397 17
3398 5
3399 41
3400 11
3401 11
3402 11
3403 11
3404 5
3405 5
3406 5
3407 29
3408 17
3409 11
3410 11
3411 11
3412 11
3413 5
3414 5
3415 17
3416 53
3417 17
3418 5
3419 17
3420 11
3421 11
3422 17
3423 17
3424 5
3425 11
3426 23
3427 23
3428 5
3429 17
3430 5
3431 11
3432 11
3433 5
3434 11
3435 5
3436 23
3437 11
3438 5
3439 11
3440 17
3441 5
3442 11
3443 17
3444 5
3445 5
3446 5
3447 11
3448 17
3449 29
3450 5
3451 17
3452 17
3453 11
3454 5
3455 5
3456 23
3457 11
3458 5
3459 5
3460 23
3461 5
3462 5
3463 11
3464 17
3465 5
3466 5
3467 5
3468 11
3469 5
3470 5
3471 5
3472 17
3473 29
3474 5
3475 11
3476 17
3477 5
3478 5
3479 23
3480 5
3481 11
3482 11
3483 11
3484 17
3485 11
3486 59
3487 17
3488 23
3489 5
3490 5
3491 23
3492 11
3493 5
3494 11
3495 11
3496 17
3497 11
3498 11
3499 5
3500 5
3501 5
3502 17
3503 11
3504 17
3505 17
3506 17
3507 5
3508 5
3509 11
3510 5
3511 5
3512 11
3513 17
3514 5
3515 59
3516 5
3517 11
3518 5
3519 29
3520 5
3521 29
3522 29
3523 17
3524 11
3525 17
3526 11
3527 17
3528 11
3529 11
3530 5
3531 11
3532 23
3533 41
3534 5
3535 11
3536 5
3537 5
3538 5
3539 5
3540 11
3541 23
3542 23
3543 11
3544 17
3545 17
3546 23
3547 11
3548 11
3549 29
3550 5
3551 17
3552 5
3553 11
3554 23
3555 17
3556 17
3557 23
3558 5
3559 5
3560 17
3561 5
3562 29
3563 11
3564 23
3565 11
3566 5
3567 17
3568 11
3569 11
3570 11
3571 5
3572 29
3573 11
3574 5
3575 17
3576 5
3577 11
3578 5
3579 23
3580 5
3581 11
3582 5
3583 5
3584 11
3585 11
3586 5
3587 29
3588 17
3589 29
3590 5
3591 23
3592 5
3593 11
3594 17
3595 17
3596 5
3597 23
3598 17
3599 11
3600 11
3601 11
3602 5
3603 5
3604 17
3605 17
3606 5
3607 11
3608 17
3609 23
3610 5
3611 5
3612 17
3613 5
3614 5
3615 11
3616 17
3617 23
3618 5
3619 17
3620 11
3621 11
3622 17
3623 29
3624 11
3625 11
3626 5
3627 5
3628 5
3629 11
3630 11
3631 23
3632 5
3633 5
3634 5
3635 5
3636 17
3637 29
3638 5
3639 11
3640 5
3641 11
3642 29
3643 11
3644 11
3645 5
3646 5
3647 5
3648 5
3649 11
3650 5
3651 11
3652 17
3653 17
3654 5
3655 17
3656 23
3657 11
3658 11
3659 17
3660 5
3661 5
3662 11
3663 5
3664 5
3665 11
3666 17
3667 5
3668 5
3669 5
3670 5
3671 11
3672 5
3673 11
3674 5
3675 11
3676 5
3677 11
3678 5
3679 17
3680 11
3681 41
3682 35
3683 11
3684 5
3685 5
3686 5
3687 5
3688 11
3689 11
3690 11
3691 17
3692 23
3693 23
3694 11
3695 11
3696 11
3697 11
3698 11
3699 17
3700 29
3701 11
3702 35
3703 23
3704 5
3705 11
3706 5
3707 11
3708 5
3709 5
3710 17
3711 41
3712 5
3713 11
3714 17
3715 5
3716 17
3717 17
3718 5
3719 17
3720 5
3721 23
3722 23
3723 17
3724 5
3725 53
3726 5
3727 11
3728 17
3729 29
3730 5
3731 5
3732 11
3733 5
3734 5
3735 5
3736 5
3737 23
3738 11
3739 17
3740 5
3741 23
3742 5
3743 11
3744 5
3745 17
3746 23
3747 11
3748 11
3749 5
3750 11
3751 11
3752 17
3753 11
3754 29
3755 11
3756 5
3757 5
3758 11
3759 5
3760 5
3761 17
3762 17
3763 5
3764 5
3765 11
3766 11
3767 17
3768 11
3769 11
3770 5
3771 11
3772 11
3773 5
3774 5
3775 11
3776 5
3777 5
3778 5
3779 11
3780 5
3781 41
3782 5
3783 17
3784 17
3785 11
3786 5
3787 11
3788 17
3789 5
3790 17
3791 11
3792 5
3793 17
3794 5
3795 5
3796 5
3797 29
3798 5
3799 5
3800 23
3801 5
3802 11
3803 11
3804 5
3805 11
3806 5
3807 11
3808 5
3809 5
3810 29
3811 29
3812 29
3813 11
3814 5
3815 5
3816 11
3817 11
3818 5
3819 5
3820 5
3821 5
3822 5
3823 23
3824 5
3825 5
3826 5
3827 11
3828 5
3829 5
3830 5
3831 23
3832 17
3833 17
3834 5
3835 17
3836 5
3837 5
3838 11
3839 29
3840 5
3841 35
3842 5
3843 17
3844 5
3845 5
3846 5
3847 17
3848 5
3849 5
3850 17
3851 11
3852 17
3853 5
3854 11
3855 17
3856 11
3857 17
3858 17
3859 17
3860 5
3861 29
3862 5
3863 5
3864 11
3865 17
3866 11
3867 11
3868 29
3869 5
3870 17
3871 11
3872 11
3873 5
3874 5
3875 23
3876 11
3877 5
3878 11
3879 23
3880 11
3881 11
3882 17
3883 11
3884 17
3885 5
3886 5
3887 5
3888 11
3889 5
3890 29
3891 23
3892 17
3893 11
3894 5
3895 17
3896 5
3897 5
3898 5
3899 17
3900 5
3901 11
3902 23
3903 11
3904 29
3905 11
3906 5
3907 11
3908 5
3909 35
3910 5
3911 17
3912 17
3913 35
3914 11
3915 11
3916 17
3917 5
3918 11
3919 29
3920 17
3921 17
3922 5
3923 11
3924 17
3925 17
3926 17
3927 29
3928 5
3929 11
3930 23
3931 11
3932 5
3933 17
3934 5
3935 17
3936 5
3937 17
3938 11
3939 11
3940 23
3941 17
3942 5
3943 11
3944 11
3945 23
3946 23
3947 17
3948 5
3949 5
3950 5
3951 23
3952 5
3953 11
3954 11
3955 5
3956 17
3957 5
3958 11
3959 29
3960 5
3961 11
3962 5
3963 17
3964 5
3965 11
3966 5
3967 23
3968 5
3969 5
3970 5
3971 29
3972 11
3973 11
3974 5
3975 11
3976 5
3977 11
3978 11
3979 23
3980 5
3981 5
3982 11
3983 17
3984 17
3985 23
3986 5
3987 11
3988 29
3989 23
3990 5
3991 29
3992 11
3993 17
3994 5
3995 17
3996 5
3997 11
3998 5
3999 11
4000 23
4001 17
4002 5
4003 11
4004 17
4005 11
4006 23
4007 29
4008 5
4009 5
4010 5
4011 11
4012 5
4013 17
4014 17
4015 17
4016 23
4017 11
4018 11
4019 5
4020 5
4021 59
4022 5
4023 17
4024 23
4025 11
4026 11
4027 5
4028 17
4029 5
4030 5
4031 23
4032 5
4033 11
4034 5
4035 23
4036 35
4037 5
4038 41
4039 5
4040 5
4041 17
4042 11
4043 11
4044 11
4045 5
4046 5
4047 17
4048 5
4049 11
4050 5
4051 17
4052 5
4053 5
4054 23
4055 35
4056 11
4057 5
4058 23
4059 11
4060 11
4061 5
4062 47
4063 11
4064 11
4065 17
4066 5
4067 17
4068 5
4069 11
4070 5
4071 11
4072 5
4073 17
4074 11
4075 11
4076 5
4077 5
4078 11
4079 11
4080 11
4081 5
4082 11
4083 17
4084 11
4085 5
4086 5
4087 11
4088 5
4089 29
4090 5
4091 5
4092 17
4093 5
4094 11
4095 11
4096 5
4097 11
4098 41
4099 5
4100 17
4101 11
4102 5
4103 11
4104 11
4105 5
4106 11
4107 17
4108 17
4109 11
4110 5
4111 11
4112 5
4113 29
4114 5
4115 11
4116 5
4117 5
4118 5
4119 11
4120 5
4121 17
4122 5
4123 23
4124 5
4125 5
4126 11
4127 11
4128 5
4129 29
4130 11
4131 17
4132 5
4133 11
4134 5
4135 35
4136 11
4137 17
4138 5
4139 11
4140 5
4141 5
4142 11
4143 29
4144 5
4145 29
4146 11
4147 35
4148 11
4149 11
4150 11
4151 11
4152 5
4153 11
4154 11
4155 11
4156 5
4157 29
4158 5
4159 23
4160 17
4161 5
4162 11
4163 23
4164 29
4165 11
4166 5
4167 11
4168 5
4169 11
4170 17
4171 17
4172 17
4173 11
4174 5
4175 11
4176 35
4177 11
4178 5
4179 35
4180 23
4181 11
4182 11
4183 11
4184 23
4185 23
4186 5
4187 11
4188 23
4189 5
4190 11
4191 11
4192 5
4193 11
4194 5
4195 5
4196 47
4197 5
4198 5
4199 11
4200 5
4201 17
4202 5
4203 5
4204 11
4205 5
4206 5
4207 23
4208 5
4209 11
4210 11
4211 17
4212 65
4213 5
4214 5
4215 29
4216 17
4217 5
4218 11
4219 11
4220 17
4221 11
4222 5
4223 11
4224 29
4225 5
4226 5
4227 11
4228 17
4229 11
4230 5
4231 17
4232 5
4233 11
4234 29
4235 11
4236 5
4237 5
4238 35
4239 23
4240 5
4241 11
4242 11
4243 17
4244 5
4245 11
4246 5
4247 17
4248 17
4249 5
4250 11
4251 11
4252 5
4253 5
4254 5
4255 5
4256 17
4257 11
4258 5
4259 23
4260 5
4261 5
4262 5
4263 17
4264 17
4265 11
4266 11
4267 11
4268 29
4269 11
4270 41
4271 11
4272 11
4273 5
4274 5
4275 17
4276 5
4277 11
4278 5
4279 11
4280 23
4281 23
4282 5
4283 17
4284 11
4285 11
4286 5
4287 11
4288 11
4289 11
4290 5
4291 11
4292 11
4293 11
4294 5
4295 11
4296 5
4297 5
4298 11
4299 29
4300 23
4301 5
4302 11
4303 11
4304 5
4305 17
4306 17
4307 11
4308 17
4309 5
4310 11
4311 17
4312 5
4313 11
4314 5
4315 5
4316 17
4317 17
4318 17
4319 11
4320 23
4321 11
4322 11
4323 11
4324 5
4325 11
4326 5
4327 29
4328 5
4329 11
4330 5
4331 5
4332 5
4333 5
4334 17
4335 23
4336 17
4337 23
4338 17
4339 11
4340 23
4341 11
4342 5
4343 17
4344 5
4345 5
4346 5
4347 5
4348 5
4349 5
4350 5
4351 23
4352 5
4353 11
4354 17
4355 5
4356 17
4357 5
4358 5
4359 5
4360 5
4361 17
4362 5
4363 11
4364 5
4365 5
4366 5
4367 11
4368 5
4369 11
4370 11
4371 17
4372 23
4373 11
4374 23
4375 5
4376 5
4377 5
4378 17
4379 11
4380 17
4381 41
4382 5
4383 5
4384 11
4385 5
4386 23
4387 17
4388 5
4389 23
4390 5
4391 11
4392 11
4393 11
4394 29
4395 11
4396 17
4397 17
4398 5
4399 11
4400 29
4401 5
4402 29
4403 11
4404 11
4405 41
4406 5
4407 23
4408 5
4409 29
4410 5
4411 11
4412 5
4413 5
4414 5
4415 5
4416 29
4417 35
4418 5
4419 11
4420 5
4421 17
4422 29
4423 17
4424 23
4425 11
4426 11
4427 5
4428 5
4429 5
4430 17
4431 11
4432 5
4433 11
4434 5
4435 17
4436 5
4437 5
4438 11
4439 5
4440 17
4441 17
4442 5
4443 17
4444 5
4445 11
4446 5
4447 17
4448 53
4449 5
4450 5
4451 17
4452 5
4453 11
4454 5
4455 23
4456 17
4457 5
4458 5
4459 17
4460 23
4461 11
4462 5
4463 17
4464 5
4465 5
4466 17
4467 5
4468 5
4469 5
4470 5
4471 11
4472 5
4473 5
4474 5
4475 5
4476 11
4477 5
4478 5
4479 23
4480 5
4481 5
4482 5
4483 29
4484 41
4485 11
4486 5
4487 29
4488 5
4489 17
4490 17
4491 11
4492 17
4493 17
4494 5
4495 11
4496 5
4497 23
4498 5
4499 23
4500 5
4501 17
4502 5
4503 11
4504 29
4505 11
4506 5
4507 5
4508 17
4509 5
4510 5
4511 17
4512 35
4513 23
4514 11
4515 5
4516 23
4517 23
4518 5
4519 11
4520 23
4521 11
4522 29
4523 17
4524 11
4525 11
4526 11
4527 23
4528 17
4529 11
4530 5
4531 17
4532 5
4533 29
4534 23
4535 23
4536 5
4537 5
4538 5
4539 5
4540 11
4541 11
4542 5
4543 23
4544 5
4545 5
4546 11
4547 29
4548 11
4549 11
4550 5
4551 11
4552 29
4553 11
4554 5
4555 11
4556 11
4557 5
4558 11
4559 11
4560 5
4561 17
4562 5
4563 11
4564 5
4565 65
4566 5
4567 5
4568 11
4569 17
4570 5
4571 11
4572 23
4573 5
4574 11
4575 17
4576 11
4577 17
4578 17
4579 17
4580 35
4581 23
4582 5
4583 17
4584 5
4585 11
4586 5
4587 5
4588 5
4589 29
4590 17
4591 5
4592 11
4593 11
4594 11
4595 5
4596 17
4597 17
4598 35
4599 23
4600 11
4601 11
4602 23
4603 17
4604 5
4605 5
4606 71
4607 11
4608 11
4609 5
4610 5
4611 17
4612 11
4613 17
4614 35
4615 11
4616 23
4617 11
4618 5
4619 5
4620 5
4621 11
4622 5
4623 17
4624 5
4625 5
4626 11
4627 17
4628 23
4629 11
4630 5
4631 5
4632 5
4633 11
4634 5
4635 77
4636 5
4637 5
4638 5
4639 11
4640 5
4641 5
4642 5
4643 53
4644 5
4645 17
4646 5
4647 17
4648 11
4649 29
4650 5
4651 11
4652 5
4653 11
4654 17
4655 17
4656 5
4657 23
4658 11
4659 11
4660 11
4661 5
4662 11
4663 23
4664 5
4665 5
4666 23
4667 17
4668 11
4669 17
4670 29
4671 5
4672 35
4673 11
4674 17
4675 5
4676 11
4677 11
4678 17
4679 11
4680 23
4681 29
4682 5
4683 17
4684 23
4685 5
4686 5
4687 23
4688 5
4689 11
4690 23
4691 17
4692 5
4693 5
4694 5
4695 11
4696 17
4697 5
4698 23
4699 29
4700 11
4701 5
4702 11
4703 5
4704 11
4705 11
4706 23
4707 11
4708 17
4709 17
4710 17
4711 41
4712 11
4713 5
4714 5
4715 5
4716 17
4717 11
4718 17
4719 17
4720 17
4721 11
4722 23
4723 11
4724 17
4725 23
4726 17
4727 17
4728 5
4729 23
4730 5
4731 11
4732 5
4733 11
4734 5
4735 17
4736 17
4737 11
4738 41
4739 11
4740 5
4741 17
4742 29
4743 5
4744 11
4745 5
4746 17
4747 5
4748 5
4749 11
4750 5
4751 17
4752 17
4753 11
4754 11
4755 5
4756 5
4757 11
4758 5
4759 35
4760 11
4761 17
4762 5
4763 17
4764 17
4765 11
4766 5
4767 11
4768 23
4769 11
4770 5
4771 23
4772 5
4773 47
4774 5
4775 11
4776 17
4777 17
4778 11
4779 11
4780 23
4781 11
4782 11
4783 11
4784 23
4785 17
4786 5
4787 11
4788 17
4789 35
4790 23
4791 11
4792 11
4793 5
4794 11
4795 47
4796 5
4797 11
4798 5
4799 11
4800 29
4801 5
4802 11
4803 11
4804 17
4805 11
4806 5
4807 5
4808 11
4809 5
4810 5
4811 11
4812 11
4813 11
4814 11
4815 5
4816 17
4817 5
4818 29
4819 11
4820 5
4821 11
4822 17
4823 5
4824 17
4825 5
4826 11
4827 11
4828 23
4829 11
4830 5
4831 11
4832 17
4833 11
4834 11
4835 17
4836 41
4837 11
4838 5
4839 17
4840 5
4841 5
4842 5
4843 5
4844 17
4845 5
4846 11
4847 29
4848 5
4849 5
4850 11
4851 11
4852 29
4853 11
4854 11
4855 23
4856 5
4857 11
4858 11
4859 11
4860 53
4861 11
4862 5
4863 5
4864 11
4865 17
4866 5
4867 5
4868 5
4869 5
4870 5
4871 17
4872 23
4873 5
4874 5
4875 11
4876 5
4877 5
4878 5
4879 11
4880 23
4881 23
4882 5
4883 29
4884 5
4885 5
4886 17
4887 47
4888 5
4889 11
4890 5
4891 11
4892 17
4893 5
4894 17
4895 11
4896 5
4897 17
4898 5
4899 35
4900 11
4901 17
4902 29
4903 5
4904 17
4905 35
4906 17
4907 17
4908 5
4909 5
4910 23
4911 23
4912 11
4913 11
4914 11
4915 17
4916 11
4917 11
4918 17
4919 5
4920 5
4921 11
4922 29
4923 17
4924 5
4925 17
4926 5
4927 41
4928 23
4929 11
4930 5
4931 5
4932 23
4933 11
4934 5
4935 17
4936 5
4937 29
4938 11
4939 5
4940 5
4941 17
4942 11
4943 17
4944 23
4945 11
4946 23
4947 29
4948 5
4949 11
4950 5
4951 5
4952 11
4953 11
4954 17
4955 11
4956 17
4957 11
4958 17
4959 35
4960 5
4961 5
4962 17
4963 17
4964 17
4965 5
4966 5
4967 5
4968 11
4969 5
4970 5
4971 5
4972 5
4973 11
4974 5
4975 23
4976 5
4977 11
4978 5
4979 17
4980 5
4981 11
4982 5
4983 11
4984 17
4985 11
4986 5
4987 17
4988 5
4989 23
4990 35
4991 17
4992 23
4993 35
4994 11
4995 17
4996 5
4997 17
4998 23
4999 11
5000 47
5001 11
5002 5
5003 5
5004 17
5005 17
5006 17
5007 11
5008 5
5009 11
5010 11
5011 23
5012 11
5013 17
5014 17
5015 5
5016 11
5017 5
5018 11
5019 5
5020 5
5021 11
5022 5
5023 11
5024 11
5025 5
5026 5
5027 29
5028 23
5029 35
5030 5
5031 23
5032 5
5033 11
5034 5
5035 17
5036 5
5037 23
5038 5
5039 11
5040 5
5041 5
5042 5
5043 53
5044 11
5045 23
5046 5
5047 5
5048 17
5049 5
5050 5
5051 11
5052 23
5053 11
5054 5
5055 23
5056 11
5057 11
5058 5
5059 17
5060 11
5061 11
5062 29
5063 11
5064 23
5065 11
5066 5
5067 17
5068 5
5069 29
5070 5
5071 11
5072 17
5073 5
5074 23
5075 17
5076 11
5077 11
5078 17
5079 17
5080 5
5081 11
5082 23
5083 11
5084 5
5085 17
5086 11
5087 23
5088 5
5089 5
5090 11
5091 17
5092 41
5093 5
5094 5
5095 11
5096 41
5097 11
5098 11
5099 17
5100 5
5101 11
5102 11
5103 17
5104 5
5105 11
5106 29
5107 5
5108 5
5109 11
5110 5
5111 11
5112 5
5113 17
5114 41
5115 17
5116 11
5117 11
5118 17
5119 17
5120 5
5121 11
5122 5
5123 17
5124 5
5125 29
5126 11
5127 11
5128 5
5129 5
5130 11
5131 5
5132 5
5133 5
5134 5
5135 17
5136 11
5137 11
5138 41
5139 11
5140 5
5141 17
5142 5
5143 17
5144 5
5145 17
5146 5
5147 5
5148 5
5149 11
5150 11
5151 17
5152 11
5153 11
5154 59
5155 17
5156 23
5157 23
5158 5
5159 23
5160 11
5161 11
5162 17
5163 23
5164 5
5165 5
5166 11
5167 5
5168 23
5169 17
5170 5
5171 11
5172 11
5173 17
5174 5
5175 11
5176 11
5177 17
5178 5
5179 5
5180 5
5181 11
5182 29
5183 17
5184 5
5185 11
5186 5
5187 5
5188 35
5189 11
5190 11
5191 53
5192 17
5193 11
5194 5
5195 5
5196 11
5197 17
5198 5
5199 11
5200 17
5201 5
5202 5
5203 17
5204 5
5205 23
5206 17
5207 11
5208 5
5209 17
5210 5
5211 11
5212 17
5213 5
5214 11
5215 11
5216 11
5217 53
5218 11
5219 17
5220 5
5221 5
5222 23
5223 11
5224 5
5225 29
5226 5
5227 17
5228 5
5229 11
5230 11
5231 11
5232 23
5233 11
5234 5
5235 11
5236 17
5237 5
5238 29
5239 17
5240 11
5241 11
5242 5
5243 5
5244 23
5245 11
5246 5
5247 11
5248 29
5249 35
5250 5
5251 5
5252 47
5253 5
5254 5
5255 5
5256 5
5257 5
5258 23
5259 11
5260 5
5261 5
5262 5
5263 59
5264 17
5265 17
5266 5
5267 17
5268 5
5269 23
5270 5
5271 17
5272 23
5273 11
5274 5
5275 11
5276 5
5277 11
5278 5
5279 11
5280 23
5281 5
5282 35
5283 11
5284 5
5285 11
5286 5
5287 17
5288 5
5289 23
5290 11
5291 11
5292 5
5293 23
5294 41
5295 23
5296 11
5297 5
5298 11
5299 29
5300 5
5301 41
5302 23
5303 11
5304 5
5305 23
5306 5
5307 17
5308 5
5309 5
5310 5
5311 35
5312 11
5313 5
5314 5
5315 11
5316 17
5317 5
5318 5
5319 11
5320 35
5321 5
5322 11
5323 17
5324 5
5325 11
5326 17
5327 11
5328 5
5329 11
5330 29
5331 5
5332 17
5333 23
5334 5
5335 17
5336 17
5337 23
5338 5
5339 23
5340 5
5341 11
5342 5
5343 11
5344 17
5345 17
5346 23
5347 17
5348 11
5349 23
5350 5
5351 11
5352 23
5353 5
5354 11
5355 5
5356 5
5357 17
5358 5
5359 29
5360 5
5361 23
5362 5
5363 5
5364 5
5365 11
5366 29
5367 23
5368 11
5369 5
5370 5
5371 17
5372 5
5373 23
5374 5
5375 17
5376 29
5377 17
5378 5
5379 29
5380 11
5381 11
5382 5
5383 11
5384 11
5385 23
5386 5
5387 5
5388 17
5389 11
5390 11
5391 17
5392 41
5393 5
5394 17
5395 5
5396 5
5397 11
5398 17
5399 11
5400 5
5401 5
5402 5
5403 5
5404 5
5405 11
5406 23
5407 11
5408 5
5409 17
5410 5
5411 5
5412 5
5413 29
5414 5
5415 23
5416 5
5417 23
5418 5
5419 5
5420 17
5421 35
5422 5
5423 5
5424 5
5425 17
5426 23
5427 17
5428 11
5429 11
5430 5
5431 5
5432 35
5433 11
5434 11
5435 23
5436 5
5437 5
5438 17
5439 17
5440 5
5441 17
5442 17
5443 11
5444 11
5445 5
5446 17
5447 11
5448 17
5449 17
5450 29
5451 17
5452 29
5453 5
5454 5
5455 11
5456 5
5457 5
5458 5
5459 17
5460 5
5461 5
5462 5
5463 5
5464 17
5465 29
5466 5
5467 17
5468 5
5469 11
5470 11
5471 11
5472 5
5473 11
5474 17
5475 17
5476 47
5477 11
5478 11
5479 11
5480 17
5481 5
5482 5
5483 5
5484 23
5485 17
5486 5
5487 5
5488 11
5489 11
5490 11
5491 35
5492 11
5493 11
5494 5
5495 11
5496 5
5497 35
5498 5
5499 17
5500 5
5501 5
5502 5
5503 17
5504 23
5505 11
5506 59
5507 17
5508 5
5509 17
5510 11
5511 11
5512 23
5513 11
5514 23
5515 11
5516 5
5517 5
5518 5
5519 17
5520 23
5521 5
5522 23
5523 5
5524 17
5525 11
5526 5
5527 59
5528 5
5529 5
5530 5
5531 5
5532 11
5533 5
5534 5
5535 17
5536 17
5537 47
5538 23
5539 17
5540 11
5541 11
5542 5
5543 11
5544 23
5545 17
5546 29
5547 17
5548 5
5549 17
5550 5
5551 11
5552 23
5553 5
5554 23
5555 5
5556 11
5557 5
5558 5
5559 11
5560 5
5561 11
5562 5
5563 5
5564 29
5565 11
5566 11
5567 11
5568 11
5569 41
5570 11
5571 5
5572 5
5573 5
5574 5
5575 23
5576 5
5577 11
5578 11
5579 17
5580 5
5581 11
5582 5
5583 23
5584 5
5585 11
5586 5
5587 17
5588 5
5589 5
5590 41
5591 5
5592 11
5593 23
5594 11
5595 17
5596 5
5597 5
5598 11
5599 17
5600 5
5601 5
5602 17
5603 11
5604 5
5605 11
5606 5
5607 17
5608 17
5609 11
5610 5
5611 17
5612 17
5613 5
5614 5
5615 41
5616 5
5617 5
5618 29
5619 5
5620 5
5621 11
5622 5
5623 23
5624 11
5625 5
5626 5
5627 17
5628 23
5629 11
5630 5
5631 29
5632 23
5633 11
5634 5
5635 11
5636 5
5637 17
5638 47
5639 23
5640 5
5641 17
5642 11
5643 17
5644 23
5645 11
5646 11
5647 23
5648 17
5649 11
5650 11
5651 5
5652 17
5653 11
5654 5
5655 11
5656 11
5657 23
5658 47
5659 11
5660 5
5661 5
5662 5
5663 5
5664 11
5665 29
5666 29
5667 5
5668 11
5669 5
5670 5
5671 11
5672 5
5673 5
5674 11
5675 5
5676 5
5677 11
5678 5
5679 5
5680 5
5681 17
5682 23
5683 5
5684 5
5685 11
5686 5
5687 35
5688 5
5689 35
5690 11
5691 17
5692 17
5693 5
5694 11
5695 23
5696 5
5697 5
5698 23
5699 11
5700 11
5701 5
5702 5
5703 5
5704 11
5705 5
5706 17
5707 17
5708 11
5709 5
5710 11
5711 11
5712 5
5713 11
5714 11
5715 11
5716 23
5717 5
5718 5
5719 29
5720 11
5721 5
5722 5
5723 11
5724 17
5725 11
5726 41
5727 23
5728 5
5729 5
5730 5
5731 11
5732 11
5733 5
5734 29
5735 17
5736 17
5737 11
5738 5
5739 5
5740 5
5741 41
5742 5
5743 11
5744 23
5745 11
5746 5
5747 17
5748 5
5749 11
5750 11
5751 23
5752 5
5753 17
5754 5
5755 11
5756 23
5757 5
5758 23
5759 17
5760 17
5761 11
5762 11
5763 17
5764 5
5765 11
5766 23
5767 5
5768 23
5769 23
5770 11
5771 17
5772 29
5773 11
5774 11
5775 11
5776 17
5777 11
5778 23
5779 11
5780 5
5781 5
5782 11
5783 17
5784 5
5785 11
5786 5
5787 29
5788 11
5789 11
5790 5
5791 17
5792 23
5793 11
5794 5
5795 29
5796 5
5797 11
5798 5
5799 23
5800 11
5801 23
5802 23
5803 5
5804 29
5805 11
5806 23
5807 11
5808 5
5809 5
5810 5
5811 11
5812 11
5813 11
5814 5
5815 5
5816 11
5817 5
5818 17
5819 11
5820 11
5821 11
5822 5
5823 11
5824 5
5825 17
5826 23
5827 11
5828 17
5829 11
5830 5
5831 11
5832 5
5833 11
5834 5
5835 29
5836 5
5837 11
5838 5
5839 17
5840 11
5841 23
5842 5
5843 17
5844 17
5845 17
5846 23
5847 17
5848 5
5849 5
5850 11
5851 5
5852 17
5853 11
5854 11
5855 11
5856 5
5857 17
5858 5
5859 29
5860 5
5861 5
5862 5
5863 29
5864 17
5865 11
5866 11
5867 11
5868 5
5869 11
5870 17
5871 11
5872 47
5873 5
5874 23
5875 5
5876 5
5877 41
5878 5
5879 11
5880 17
5881 5
5882 11
5883 11
5884 11
5885 5
5886 5
5887 23
5888 23
5889 23
5890 5
5891 17
5892 29
5893 11
5894 5
5895 29
5896 5
5897 17
5898 17
5899 5
5900 11
5901 23
5902 11
5903 11
5904 11
5905 11
5906 5
5907 11
5908 23
5909 11
5910 5
5911 11
5912 5
5913 35
5914 5
5915 17
5916 11
5917 5
5918 5
5919 11
5920 17
5921 5
5922 17
5923 11
5924 17
5925 11
5926 5
5927 17
5928 5
5929 11
5930 11
5931 11
5932 5
5933 23
5934 5
5935 11
5936 5
5937 5
5938 11
5939 17
5940 23
5941 11
5942 29
5943 11
5944 23
5945 17
5946 29
5947 17
5948 11
5949 11
5950 11
5951 5
5952 29
5953 5
5954 11
5955 11
5956 17
5957 5
5958 17
5959 17
5960 5
5961 35
5962 5
5963 35
5964 5
5965 11
5966 5
5967 23
5968 11
5969 11
5970 5
5971 17
5972 5
5973 23
5974 23
5975 17
5976 23
5977 5
5978 11
5979 11
5980 5
5981 5
5982 11
5983 23
5984 5
5985 5
5986 35
5987 17
5988 5
5989 5
5990 17
5991 23
5992 29
5993 11
5994 11
5995 11
5996 11
5997 17
5998 5
5999 11
6000 11
6001 17
6002 5
6003 5
6004 11
6005 11
6006 5
6007 17
6008 5
6009 17
6010 5
6011 11
6012 5
6013 11
6014 5
6015 23
6016 5
6017 23
6018 35
6019 17
6020 5
6021 11
6022 35
6023 23
6024 5
6025 11
6026 5
6027 11
6028 17
6029 5
6030 11
6031 11
6032 5
6033 5
6034 23
6035 17
6036 5
6037 11
6038 17
6039 17
6040 5
6041 11
6042 41
6043 5
6044 5
6045 5
6046 17
6047 11
6048 5
6049 17
6050 5
6051 11
6052 17
6053 5
6054 17
6055 11
6056 5
6057 11
6058 17
6059 17
6060 11
6061 11
6062 29
6063 5
6064 11
6065 5
6066 5
6067 5
6068 5
6069 5
6070 5
6071 11
6072 5
6073 11
6074 17
6075 11
6076 11
6077 5
6078 5
6079 11
6080 35
6081 5
6082 11
6083 5
6084 17
6085 5
6086 17
6087 17
6088 5
6089 5
6090 11
6091 17
6092 5
6093 17
6094 5
6095 11
6096 29
6097 5
6098 5
6099 23
6100 11
6101 11
6102 5
6103 11
6104 11
6105 5
6106 5
6107 17
6108 11
6109 11
6110 17
6111 17
6112 5
6113 5
6114 17
6115 5
6116 5
6117 11
6118 11
6119 17
6120 5
6121 11
6122 11
6123 11
6124 5
6125 11
6126 5
6127 11
6128 5
6129 11
6130 5
6131 23
6132 11
6133 11
6134 5
6135 17
6136 5
6137 17
6138 29
6139 5
6140 5
6141 5
6142 17
6143 23
6144 35
6145 23
6146 17
6147 5
6148 5
6149 5
6150 5
6151 5
6152 59
6153 5
6154 35
6155 11
6156 5
6157 5
6158 5
6159 23
6160 5
6161 11
6162 35
6163 17
6164 17
6165 11
6166 23
6167 11
6168 11
6169 11
6170 11
6171 5
6172 11
6173 23
6174 5
6175 5
6176 29
6177 11
6178 35
6179 11
6180 11
6181 11
6182 5
6183 11
6184 17
6185 23
6186 11
6187 17
6188 17
6189 17
6190 17
6191 11
6192 17
6193 5
6194 23
6195 5
6196 5
6197 11
6198 5
6199 5
6200 11
6201 5
6202 11
6203 17
6204 5
6205 5
6206 17
6207 17
6208 5
6209 35
6210 5
6211 11
6212 11
6213 5
6214 11
6215 11
6216 5
6217 11
6218 11
6219 5
6220 5
6221 11
6222 5
6223 11
6224 5
6225 11
6226 11
6227 11
6228 5
6229 17
6230 29
6231 11
6232 5
6233 5
6234 11
6235 11
6236 23
6237 5
6238 11
6239 29
6240 5
6241 5
6242 11
6243 17
6244 11
6245 11
6246 11
6247 5
6248 11
6249 5
6250 29
6251 11
6252 5
6253 17
6254 5
6255 17
6256 17
6257 23
6258 29
6259 11
6260 5
6261 5
6262 5
6263 11
6264 11
6265 5
6266 29
6267 5
6268 23
6269 5
6270 5
6271 11
6272 5
6273 11
6274 17
6275 29
6276 11
6277 5
6278 53
6279 5
6280 5
6281 11
6282 11
6283 11
6284 11
6285 11
6286 17
6287 5
6288 17
6289 17
6290 5
6291 23
6292 17
6293 11
6294 5
6295 5
6296 5
6297 17
6298 17
6299 11
6300 17
6301 23
6302 5
6303 17
6304 23
6305 11
6306 5
6307 23
6308 11
6309 5
6310 11
6311 11
6312 35
6313 5
6314 5
6315 17
6316 35
6317 11
6318 5
6319 17
6320 5
6321 17
6322 5
6323 11
6324 11
6325 5
6326 5
6327 11
6328 5
6329 29
6330 5
6331 5
6332 5
6333 29
6334 5
6335 11
6336 5
6337 17
6338 23
6339 11
6340 11
6341 29
6342 5
6343 17
6344 29
6345 5
6346 11
6347 11
6348 23
6349 5
6350 5
6351 23
6352 11
6353 11
6354 5
6355 17
6356 23
6357 5
6358 5
6359 17
6360 17
6361 17
6362 5
6363 5
6364 11
6365 5
6366 23
6367 17
6368 17
6369 5
6370 5
6371 29
6372 5
6373 5
6374 11
6375 17
6376 11
6377 11
6378 5
6379 17
6380 5
6381 17
6382 5
6383 29
6384 11
6385 11
6386 5
6387 17
6388 5
6389 29
6390 5
6391 11
6392 5
6393 23
6394 5
6395 5
6396 5
6397 5
6398 5
6399 41
6400 11
6401 5
6402 29
6403 5
6404 5
6405 5
6406 11
6407 11
6408 5
6409 5
6410 11
6411 17
6412 11
6413 11
6414 5
6415 11
6416 5
6417 41
6418 17
6419 17
6420 17
6421 11
6422 11
6423 23
6424 29
6425 11
6426 5
6427 5
6428 5
6429 17
6430 5
6431 35
6432 5
6433 5
6434 5
6435 35
6436 11
6437 11
6438 11
6439 11
6440 5
6441 23
6442 5
6443 11
6444 11
6445 23
6446 11
6447 29
6448 11
6449 11
6450 11
6451 17
6452 23
6453 5
6454 11
6455 5
6456 5
6457 53
6458 11
6459 29
6460 5
6461 5
6462 5
6463 11
6464 29
6465 11
6466 11
6467 17
6468 5
6469 11
6470 5
6471 23
6472 5
6473 11
6474 5
6475 11
6476 5
6477 11
6478 53
6479 5
6480 11
6481 17
6482 23
6483 17
6484 11
6485 17
6486 17
6487 5
6488 23
6489 11
6490 11
6491 17
6492 5
6493 17
6494 5
6495 11
6496 11
6497 5
6498 5
6499 23
6500 5
6501 5
6502 5
6503 11
6504 5
6505 5
6506 11
6507 5
6508 5
6509 11
6510 5
6511 23
6512 5
6513 5
6514 47
6515 17
6516 11
6517 11
6518 5
6519 23
6520 11
6521 17
6522 5
6523 5
6524 5
6525 5
6526 5
6527 11
6528 17
6529 5
6530 11
6531 5
6532 23
6533 11
6534 5
6535 17
6536 5
6537 5
6538 47
6539 11
6540 11
6541 11
6542 17
6543 11
6544 5
6545 41
6546 5
6547 11
6548 17
6549 5
6550 11
6551 17
6552 17
6553 17
6554 11
6555 11
6556 11
6557 5
6558 5
6559 23
6560 5
6561 17
6562 5
6563 11
6564 11
6565 11
6566 17
6567 11
6568 11
6569 17
6570 5
6571 23
6572 11
6573 11
6574 5
6575 23
6576 11
6577 17
6578 17
6579 5
6580 23
6581 17
6582 5
6583 5
6584 17
6585 23
6586 5
6587 17
6588 5
6589 17
6590 29
6591 11
6592 23
6593 29
6594 5
6595 5
6596 5
6597 5
6598 17
6599 23
6600 5
6601 17
6602 5
6603 5
6604 17
6605 5
6606 5
6607 5
6608 11
6609 5
6610 5
6611 5
6612 11
6613 5
6614 5
6615 5
6616 17
6617 17
6618 5
6619 11
6620 11
6621 5
6622 5
6623 29
6624 29
6625 11
6626 35
6627 17
6628 17
6629 5
6630 5
6631 11
6632 11
6633 23
6634 5
6635 5
6636 5
6637 47
6638 5
6639 23
6640 5
6641 5
6642 23
6643 11
6644 17
6645 17
6646 5
6647 11
6648 23
6649 11
6650 29
6651 11
6652 5
6653 11
6654 23
6655 11
6656 17
6657 23
6658 23
6659 17
6660 17
6661 11
6662 17
6663 17
6664 23
6665 11
6666 5
6667 17
6668 5
6669 11
6670 11
6671 17
6672 11
6673 29
6674 23
6675 11
6676 23
6677 11
6678 23
6679 29
6680 5
6681 5
6682 17
6683 17
6684 5
6685 17
6686 17
6687 11
6688 11
6689 5
6690 5
6691 23
6692 5
6693 23
6694 11
6695 29
6696 5
6697 11
6698 5
6699 5
6700 5
6701 5
6702 23
6703 17
6704 11
6705 11
6706 23
6707 23
6708 17
6709 17
6710 5
6711 5
6712 5
6713 5
6714 5
6715 5
6716 5
6717 5
6718 17
6719 23
6720 11
6721 11
6722 5
6723 5
6724 23
6725 5
6726 5
6727 11
6728 5
6729 11
6730 17
6731 23
6732 5
6733 5
6734 5
6735 29
6736 17
6737 11
6738 47
6739 11
6740 11
6741 11
6742 11
6743 23
6744 23
6745 17
6746 5
6747 5
6748 11
6749 17
6750 5
6751 23
6752 17
6753 5
6754 11
6755 11
6756 11
6757 11
6758 5
6759 23
6760 23
6761 59
6762 5
6763 5
6764 17
6765 5
6766 17
6767 23
6768 23
6769 17
6770 5
6771 17
6772 11
6773 23
6774 5
6775 11
6776 5
6777 5
6778 5
6779 17
6780 5
6781 5
6782 5
6783 11
6784 5
6785 5
6786 23
6787 17
6788 5
6789 29
6790 11
6791 23
6792 5
6793 11
6794 23
6795 5
6796 5
6797 11
6798 23
6799 17
6800 11
6801 5
6802 11
6803 17
6804 11
6805 17
6806 5
6807 17
6808 17
6809 17
6810 5
6811 23
6812 29
6813 11
6814 5
6815 17
6816 5
6817 41
6818 5
6819 11
6820 5
6821 5
6822 5
6823 11
6824 5
6825 23
6826 11
6827 11
6828 5
6829 11
6830 17
6831 17
6832 5
6833 17
6834 5
6835 17
6836 5
6837 11
6838 23
6839 23
6840 17
6841 5
6842 11
6843 5
6844 29
6845 11
6846 11
6847 23
6848 5
6849 5
6850 23
6851 17
6852 17
6853 5
6854 5
6855 47
6856 35
6857 11
6858 11
6859 17
6860 5
6861 11
6862 5
6863 11
6864 23
6865 5
6866 5
6867 47
6868 17
6869 11
6870 5
6871 23
6872 11
6873 17
6874 5
6875 5
6876 17
6877 11
6878 17
6879 11
6880 5
6881 5
6882 11
6883 11
6884 11
6885 17
6886 5
6887 17
6888 5
6889 11
6890 5
6891 17
6892 5
6893 17
6894 29
6895 17
6896 5
6897 17
6898 5
6899 11
6900 17
6901 5
6902 11
6903 5
6904 11
6905 5
6906 11
6907 11
6908 5
6909 5
6910 5
6911 17
6912 5
6913 23
6914 5
6915 29
6916 29
6917 5
6918 35
6919 17
6920 29
6921 11
6922 11
6923 17
6924 17
6925 11
6926 17
6927 11
6928 11
6929 29
6930 5
6931 23
6932 11
6933 5
6934 5
6935 17
6936 23
6937 11
6938 11
6939 11
6940 5
6941 5
6942 11
6943 5
6944 17
6945 11
6946 5
6947 17
6948 5
6949 17
6950 5
6951 11
6952 11
6953 5
6954 5
6955 11
6956 23
6957 23
6958 5
6959 23
6960 11
6961 11
6962 5
6963 5
6964 17
6965 11
6966 17
6967 17
6968 5
6969 5
6970 11
6971 11
6972 17
6973 17
6974 5
6975 11
6976 29
6977 5
6978 29
6979 5
6980 11
6981 17
6982 5
6983 11
6984 5
6985 23
6986 5
6987 17
6988 5
6989 5
6990 5
6991 5
6992 5
6993 5
6994 5
6995 11
6996 5
6997 5
6998 17
6999 53
7000 5
7001 29
7002 5
7003 11
7004 5
7005 11
7006 11
7007 5
7008 17
7009 11
7010 17
7011 17
7012 5
7013 17
7014 5
7015 11
7016 35
7017 17
7018 5
7019 5
7020 17
7021 17
7022 5
7023 5
7024 11
7025 11
7026 5
7027 5
7028 17
7029 5
7030 5
7031 17
7032 5
7033 5
7034 5
7035 17
7036 5
7037 17
7038 5
7039 17
7040 29
7041 5
7042 11
7043 11
7044 5
7045 5
7046 17
7047 5
7048 11
7049 5
7050 5
7051 11
7052 5
7053 5
7054 5
7055 11
7056 11
7057 23
7058 5
7059 17
7060 29
7061 11
7062 17
7063 17
7064 5
7065 5
7066 17
7067 5
7068 5
7069 23
7070 5
7071 17
7072 23
7073 11
7074 11
7075 11
7076 17
7077 11
7078 11
7079 5
7080 11
7081 65
7082 5
7083 11
7084 5
7085 5
7086 5
7087 5
7088 23
7089 5
7090 11
7091 17
7092 5
7093 5
7094 5
7095 11
7096 11
7097 11
7098 5
7099 5
7100 5
7101 11
7102 11
7103 23
7104 5
7105 11
7106 5
7107 11
7108 35
7109 23
7110 5
7111 11
7112 23
7113 41
7114 5
7115 17
7116 17
7117 5
7118 17
7119 23
7120 11
7121 5
7122 11
7123 29
7124 17
7125 11
7126 5
7127 23
7128 5
7129 5
7130 5
7131 5
7132 41
7133 5
7134 5
7135 23
7136 5
7137 11
7138 5
7139 17
7140 11
7141 17
7142 11
7143 35
7144 5
7145 11
7146 11
7147 5
7148 5
7149 17
7150 5
7151 23
7152 5
7153 17
7154 5
7155 5
7156 5
7157 11
7158 23
7159 11
7160 23
7161 5
7162 11
7163 5
7164 5
7165 17
7166 5
7167 11
7168 11
7169 17
7170 5
7171 5
7172 23
7173 29
7174 5
7175 5
7176 5
7177 5
7178 5
7179 5
7180 11
7181 5
7182 5
7183 23
7184 41
7185 5
7186 5
7187 17
7188 23
7189 5
7190 47
7191 11
7192 23
7193 11
7194 5
7195 5
7196 11
7197 5
7198 5
7199 35
7200 5
7201 11
7202 11
7203 17
7204 5
7205 5
7206 11
7207 11
7208 17
7209 5
7210 5
7211 23
7212 5
7213 5
7214 5
7215 11
7216 5
7217 5
7218 11
7219 5
7220 11
7221 5
7222 11
7223 11
7224 11
7225 11
7226 17
7227 17
7228 17
7229 5
7230 5
7231 23
7232 11
7233 5
7234 5
7235 23
7236 11
7237 11
7238 11
7239 11
7240 11
7241 11
7242 5
7243 17
7244 23
7245 11
7246 23
7247 5
7248 29
7249 5
7250 29
7251 17
7252 5
7253 41
7254 5
7255 29
7256 5
7257 17
7258 5
7259 17
7260 53
7261 11
7262 11
7263 17
7264 23
7265 11
7266 11
7267 17
7268 11
7269 17
7270 5
7271 11
7272 17
7273 11
7274 17
7275 35
7276 5
7277 11
7278 5
7279 17
7280 17
7281 23
7282 17
7283 11
7284 35
7285 11
7286 5
7287 11
7288 17
7289 11
7290 5
7291 11
7292 5
7293 5
7294 23
7295 5
7296 23
7297 5
7298 5
7299 35
7300 5
7301 11
7302 5
7303 17
7304 11
7305 11
7306 5
7307 11
7308 23
7309 5
7310 5
7311 11
7312 23
7313 23
7314 5
7315 5
7316 11
7317 11
7318 5
7319 11
7320 5
7321 5
7322 5
7323 5
7324 11
7325 11
7326 5
7327 17
7328 11
7329 11
7330 35
7331 11
7332 11
7333 17
7334 41
7335 17
7336 11
7337 5
7338 23
7339 17
7340 5
7341 5
7342 11
7343 17
7344 5
7345 5
7346 5
7347 5
7348 5
7349 17
7350 5
7351 11
7352 11
7353 5
7354 5
7355 5
7356 5
7357 11
7358 5
7359 11
7360 11
7361 17
7362 5
7363 11
7364 17
7365 17
7366 5
7367 5
7368 17
7369 5
7370 23
7371 11
7372 11
7373 11
7374 23
7375 17
7376 23
7377 23
7378 5
7379 23
7380 11
7381 11
7382 5
7383 11
7384 17
7385 11
7386 5
7387 5
7388 5
7389 5
7390 17
7391 23
7392 5
7393 11
7394 59
7395 17
7396 5
7397 5
7398 5
7399 11
7400 5
7401 5
7402 5
7403 17
7404 5
7405 11
7406 5
7407 17
7408 5
7409 11
7410 11
7411 5
7412 5
7413 17
7414 5
7415 11
7416 11
7417 11
7418 5
7419 11
7420 11
7421 5
7422 11
7423 23
7424 29
7425 11
7426 5
7427 17
7428 41
7429 11
7430 11
7431 23
7432 5
7433 11
7434 5
7435 5
7436 29
7437 17
7438 5
7439 5
7440 23
7441 11
7442 23
7443 5
7444 11
7445 5
7446 5
7447 5
7448 17
7449 11
7450 5
7451 11
7452 5
7453 11
7454 17
7455 17
7456 29
7457 11
7458 11
7459 11
7460 17
7461 17
7462 5
7463 23
7464 5
7465 17
7466 5
7467 17
7468 17
7469 11
7470 17
7471 17
7472 17
7473 11
7474 5
7475 5
7476 5
7477 5
7478 11
7479 35
7480 23
7481 11
7482 23
7483 5
7484 11
7485 11
7486 5
7487 11
7488 11
7489 11
7490 17
7491 5
7492 5
7493 5
7494 5
7495 17
7496 11
7497 11
7498 11
7499 29
7500 5
7501 5
7502 5
7503 11
7504 17
7505 11
7506 5
7507 11
7508 17
7509 41
7510 11
7511 23
7512 5
7513 5
7514 11
7515 17
7516 11
7517 11
7518 5
7519 29
7520 11
7521 29
7522 5
7523 11
7524 17
7525 29
7526 5
7527 11
7528 5
7529 11
7530 17
7531 23
7532 5
7533 5
7534 35
7535 5
7536 5
7537 29
7538 5
7539 11
7540 5
7541 29
7542 5
7543 29
7544 5
7545 5
7546 5
7547 17
7548 11
7549 11
7550 11
7551 11
7552 17
7553 11
7554 5
7555 17
7556 35
7557 11
7558 5
7559 17
7560 11
7561 11
7562 11
7563 17
7564 5
7565 17
7566 5
7567 5
7568 23
7569 5
7570 11
7571 17
7572 5
7573 17
7574 5
7575 11
7576 17
7577 23
7578 11
7579 5
7580 17
7581 5
7582 5
7583 17
7584 17
7585 11
7586 5
7587 11
7588 5
7589 5
7590 5
7591 5
7592 5
7593 17
7594 17
7595 5
7596 5
7597 5
7598 5
7599 17
7600 5
7601 35
7602 5
7603 29
7604 23
7605 11
7606 11
7607 17
7608 5
7609 11
7610 23
7611 23
7612 11
7613 5
7614 5
7615 11
7616 17
7617 11
7618 11
7619 23
7620 11
7621 5
7622 5
7623 11
7624 5
7625 11
7626 5
7627 17
7628 5
7629 5
7630 11
7631 17
7632 29
7633 5
7634 23
7635 11
7636 5
7637 17
7638 5
7639 11
7640 11
7641 23
7642 17
7643 11
7644 17
7645 17
7646 11
7647 11
7648 5
7649 11
7650 29
7651 5
7652 11
7653 17
7654 29
7655 5
7656 17
7657 5
7658 5
7659 11
7660 5
7661 17
7662 5
7663 11
7664 11
7665 11
7666 17
7667 17
7668 5
7669 11
7670 5
7671 5
7672 5
7673 11
7674 29
7675 17
7676 5
7677 5
7678 5
7679 11
7680 17
7681 5
7682 5
7683 41
7684 5
7685 5
7686 5
7687 11
7688 11
7689 23
7690 11
7691 11
7692 17
7693 17
7694 5
7695 5
7696 23
7697 17
7698 5
7699 5
7700 11
7701 17
7702 5
7703 17
7704 5
7705 17
7706 5
7707 17
7708 17
7709 29
7710 5
7711 17
7712 17
7713 11
7714 23
7715 17
7716 17
7717 29
7718 17
7719 11
7720 23
7721 11
7722 11
7723 5
7724 11
7725 35
7726 11
7727 5
7728 5
7729 17
7730 23
7731 5
7732 11
7733 23
7734 47
7735 11
7736 5
7737 17
7738 5
7739 23
7740 5
7741 53
7742 5
7743 23
7744 5
7745 11
7746 11
7747 11
7748 5
7749 5
7750 5
7751 11
7752 11
7753 35
7754 5
7755 11
7756 23
7757 11
7758 5
7759 11
7760 5
7761 23
7762 5
7763 11
7764 17
7765 29
7766 17
7767 23
7768 23
7769 11
7770 5
7771 5
7772 17
7773 29
7774 23
7775 23
7776 5
7777 11
7778 11
7779 5
7780 5
7781 11
7782 17
7783 11
7784 11
7785 5
7786 5
7787 17
7788 5
7789 5
7790 5
7791 23
7792 17
7793 17
7794 5
7795 5
7796 5
7797 5
7798 17
7799 5
7800 11
7801 23
7802 41
7803 5
7804 5
7805 5
7806 5
7807 11
7808 11
7809 17
7810 5
7811 17
7812 5
7813 11
7814 5
7815 11
7816 5
7817 5
7818 5
7819 11
7820 35
7821 5
7822 5
7823 17
7824 11
7825 5
7826 11
7827 11
7828 5
7829 5
7830 5
7831 11
7832 29
7833 11
7834 17
7835 5
7836 5
7837 29
7838 5
7839 5
7840 5
7841 11
7842 11
7843 11
7844 11
7845 11
7846 5
7847 17
7848 5
7849 11
7850 23
7851 11
7852 11
7853 35
7854 11
7855 11
7856 17
7857 11
7858 5
7859 11
7860 5
7861 5
7862 5
7863 23
7864 41
7865 23
7866 5
7867 11
7868 11
7869 17
7870 47
7871 11
7872 17
7873 23
7874 5
7875 11
7876 5
7877 5
7878 5
7879 5
7880 5
7881 5
7882 11
7883 5
7884 29
7885 29
7886 5
7887 29
7888 5
7889 17
7890 5
7891 29
7892 41
7893 5
7894 47
7895 11
7896 5
7897 23
7898 5
7899 29
7900 5
7901 17
7902 11
7903 29
7904 5
7905 11
7906 5
7907 5
7908 5
7909 5
7910 35
7911 17
7912 5
7913 11
7914 23
7915 17
7916 29
7917 11
7918 5
7919 23
7920 35
7921 23
7922 11
7923 5
7924 17
7925 11
7926 5
7927 23
7928 17
7929 11
7930 11
7931 17
7932 11
7933 23
7934 5
7935 11
7936 5
7937 5
7938 5
7939 17
7940 5
7941 11
7942 17
7943 11
7944 11
7945 5
7946 5
7947 47
7948 5
7949 11
7950 5
7951 11
7952 23
7953 23
7954 17
7955 11
7956 5
7957 23
7958 5
7959 11
7960 5
7961 11
7962 5
7963 29
7964 5
7965 5
7966 17
7967 17
7968 11
7969 5
7970 11
7971 5
7972 11
7973 11
7974 41
7975 17
7976 17
7977 29
7978 5
7979 11
7980 11
7981 11
7982 11
7983 5
7984 11
7985 5
7986 17
7987 23
7988 5
7989 5
7990 5
7991 5
7992 5
7993 5
7994 23
7995 29
7996 5
7997 5
7998 5
7999 17
8000 17
8001 5
8002 11
8003 29
8004 23
8005 35
8006 5
8007 11
8008 11
8009 17
8010 5
8011 11
8012 17
8013 5
8014 11
8015 11
8016 5
8017 11
8018 5
8019 5
8020 5
8021 17
8022 5
8023 17
8024 5
8025 11
8026 5
8027 11
8028 5
8029 29
8030 5
8031 17
8032 23
8033 23
8034 17
8035 29
8036 17
8037 5
8038 11
8039 17
8040 23
8041 5
8042 23
8043 17
8044 5
8045 17
8046 5
8047 35
8048 17
8049 11
8050 5
8051 5
8052 5
8053 11
8054 5
8055 11
8056 11
8057 17
8058 17
8059 17
8060 11
8061 11
8062 11
8063 11
8064 5
8065 23
8066 5
8067 17
8068 17
8069 5
8070 5
8071 5
8072 5
8073 17
8074 29
8075 11
8076 11
8077 11
8078 5
8079 11
8080 17
8081 11
8082 5
8083 5
8084 11
8085 5
8086 5
8087 17
8088 5
8089 5
8090 11
8091 11
8092 5
8093 17
8094 29
8095 11
8096 29
8097 17
8098 29
8099 11
8100 17
8101 11
8102 5
8103 5
8104 23
8105 35
8106 5
8107 11
8108 5
8109 17
8110 5
8111 17
8112 5
8113 5
8114 17
8115 17
8116 5
8117 11
8118 5
8119 17
8120 17
8121 5
8122 11
8123 11
8124 17
8125 5
8126 17
8127 17
8128 5
8129 5
8130 5
8131 17
8132 5
8133 11
8134 5
8135 5
8136 5
8137 11
8138 17
8139 11
8140 5
8141 11
8142 5
8143 17
8144 17
8145 41
8146 5
8147 41
8148 11
8149 11
8150 11
8151 5
8152 17
8153 11
8154 17
8155 17
8156 5
8157 11
8158 5
8159 11
8160 17
8161 23
8162 35
8163 29
8164 5
8165 5
8166 5
8167 5
8168 35
8169 5
8170 11
8171 17
8172 11
8173 17
8174 5
8175 5
8176 23
8177 5
8178 11
8179 5
8180 17
8181 17
8182 5
8183 29
8184 5
8185 17
8186 5
8187 5
8188 17
8189 29
8190 35
8191 17
8192 17
8193 17
8194 5
8195 11
8196 5
8197 11
8198 5
8199 11
8200 47
8201 17
8202 5
8203 17
8204 17
8205 11
8206 5
8207 11
8208 5
8209 23
8210 5
8211 5
8212 5
8213 5
8214 5
8215 11
8216 5
8217 11
8218 29
8219 11
8220 5
8221 23
8222 5
8223 11
8224 17
8225 11
8226 17
8227 5
8228 35
8229 5
8230 17
8231 47
8232 5
8233 29
8234 5
8235 5
8236 5
8237 17
8238 5
8239 5
8240 11
8241 11
8242 23
8243 5
8244 5
8245 5
8246 11
8247 11
8248 17
8249 29
8250 5
8251 11
8252 5
8253 17
8254 5
8255 11
8256 17
8257 11
8258 11
8259 5
8260 35
8261 5
8262 47
8263 29
8264 5
8265 11
8266 29
8267 5
8268 11
8269 17
8270 23
8271 17
8272 17
8273 11
8274 11
8275 5
8276 5
8277 29
8278 5
8279 5
8280 11
8281 11
8282 23
8283 11
8284 5
8285 5
8286 11
8287 5
8288 29
8289 17
8290 5
8291 11
8292 5
8293 5
8294 5
8295 17
8296 5
8297 5
8298 5
8299 5
8300 5
8301 5
8302 5
8303 11
8304 17
8305 35
8306 5
8307 11
8308 17
8309 11
8310 29
8311 5
8312 5
8313 5
8314 23
8315 23
8316 23
8317 11
8318 5
8319 11
8320 23
8321 41
8322 23
8323 29
8324 5
8325 23
8326 5
8327 11
8328 5
8329 5
8330 5
8331 23
8332 5
8333 5
8334 29
8335 5
8336 17
8337 5
8338 5
8339 5
8340 11
8341 29
8342 23
8343 29
8344 5
8345 5
8346 5
8347 11
8348 17
8349 5
8350 5
8351 5
8352 5
8353 5
8354 5
8355 23
8356 5
8357 11
8358 29
8359 17
8360 5
8361 17
8362 5
8363 11
8364 5
8365 5
8366 17
8367 11
8368 5
8369 17
8370 29
8371 11
8372 17
8373 11
8374 29
8375 11
8376 29
8377 5
8378 17
8379 29
8380 5
8381 11
8382 5
8383 23
8384 17
8385 5
8386 11
8387 17
8388 5
8389 5
8390 5
8391 11
8392 5
8393 5
8394 5
8395 5
8396 17
8397 11
8398 29
8399 29
8400 5
8401 11
8402 11
8403 5
8404 17
8405 5
8406 11
8407 17
8408 11
8409 17
8410 5
8411 11
8412 5
8413 11
8414 11
8415 5
8416 5
8417 17
8418 17
8419 23
8420 11
8421 11
8422 5
8423 17
8424 5
8425 5
8426 5
8427 23
8428 5
8429 11
8430 5
8431 5
8432 11
8433 5
8434 5
8435 11
8436 17
8437 5
8438 5
8439 5
8440 17
8441 23
8442 5
8443 11
8444 17
8445 11
8446 5
8447 11
8448 29
8449 65
8450 5
8451 35
8452 5
8453 5
8454 5
8455 11
8456 5
8457 23
8458 17
8459 5
8460 5
8461 11
8462 5
8463 11
8464 23
8465 17
8466 5
8467 23
8468 5
8469 11
8470 11
8471 29
8472 11
8473 23
8474 5
8475 17
8476 11
8477 11
8478 11
8479 11
8480 23
8481 11
8482 41
8483 17
8484 5
8485 11
8486 11
8487 11
8488 11
8489 5
8490 5
8491 5
8492 5
8493 23
8494 29
8495 17
8496 29
8497 11
8498 23
8499 11
8500 29
8501 11
8502 11
8503 17
8504 23
8505 11
8506 5
8507 5
8508 5
8509 11
8510 29
8511 5
8512 35
8513 5
8514 11
8515 17
8516 17
8517 11
8518 17
8519 23
8520 5
8521 11
8522 17
8523 35
8524 11
8525 5
8526 5
8527 5
8528 11
8529 5
8530 11
8531 11
8532 11
8533 23
8534 11
8535 11
8536 29
8537 11
8538 5
8539 11
8540 11
8541 11
8542 5
8543 17
8544 5
8545 5
8546 5
8547 23
8548 35
8549 5
8550 5
8551 17
8552 11
8553 17
8554 23
8555 11
8556 11
8557 5
8558 17
8559 11
8560 5
8561 5
8562 17
8563 23
8564 23
8565 29
8566 5
8567 11
8568 11
8569 23
8570 23
8571 17
8572 5
8573 5
8574 35
8575 11
8576 29
8577 11
8578 23
8579 23
8580 5
8581 11
8582 11
8583 11
8584 5
8585 53
8586 11
8587 11
8588 5
8589 5
8590 5
8591 23
8592 5
8593 5
8594 29
8595 17
8596 5
8597 5
8598 11
8599 11
8600 17
8601 11
8602 5
8603 17
8604 5
8605 11
8606 5
8607 11
8608 11
8609 29
8610 5
8611 11
8612 11
8613 11
8614 35
8615 11
8616 11
8617 41
8618 17
8619 5
8620 17
8621 11
8622 11
8623 23
8624 5
8625 11
8626 5
8627 23
8628 5
8629 23
8630 5
8631 29
8632 11
8633 11
8634 5
8635 11
8636 11
8637 5
8638 11
8639 11
8640 5
8641 17
8642 17
8643 11
8644 5
8645 11
8646 17
8647 29
8648 17
8649 11
8650 5
8651 5
8652 5
8653 17
8654 11
8655 11
8656 5
8657 41
8658 5
8659 29
8660 11
8661 11
8662 11
8663 17
8664 5
8665 11
8666 5
8667 11
8668 5
8669 11
8670 5
8671 29
8672 5
8673 5
8674 5
8675 29
8676 17
8677 47
8678 17
8679 11
8680 17
8681 23
8682 11
8683 5
8684 17
8685 11
8686 5
8687 5
8688 23
8689 5
8690 11
8691 5
8692 17
8693 35
8694 17
8695 17
8696 5
8697 17
8698 5
8699 23
8700 5
8701 11
8702 5
8703 17
8704 17
8705 11
8706 11
8707 17
8708 5
8709 11
8710 23
8711 11
8712 17
8713 11
8714 17
8715 23
8716 5
8717 5
8718 5
8719 17
8720 11
8721 5
8722 11
8723 11
8724 17
8725 5
8726 5
8727 5
8728 5
8729 11
8730 5
8731 23
8732 5
8733 29
8734 5
8735 11
8736 5
8737 5
8738 29
8739 17
8740 11
8741 11
8742 5
8743 23
8744 5
8745 5
8746 11
8747 11
8748 11
8749 11
8750 29
8751 17
8752 29
8753 11
8754 11
8755 17
8756 5
8757 11
8758 11
8759 11
8760 17
8761 5
8762 5
8763 11
8764 11
8765 11
8766 5
8767 17
8768 5
8769 11
8770 5
8771 17
8772 17
8773 11
8774 5
8775 17
8776 5
8777 5
8778 17
8779 17
8780 5
8781 5
8782 11
8783 35
8784 29
8785 5
8786 5
8787 17
8788 5
8789 5
8790 11
8791 23
8792 23
8793 11
8794 5
8795 17
8796 23
8797 11
8798 11
8799 5
8800 5
8801 17
8802 5
8803 11
8804 11
8805 5
8806 5
8807 17
8808 5
8809 35
8810 5
8811 11
8812 5
8813 5
8814 5
8815 11
8816 5
8817 29
8818 5
8819 11
8820 5
8821 11
8822 11
8823 17
8824 17
8825 17
8826 5
8827 5
8828 47
8829 5
8830 11
8831 11
8832 11
8833 17
8834 17
8835 5
8836 5
8837 11
8838 11
8839 11
8840 11
8841 17
8842 17
8843 17
8844 5
8845 5
8846 5
8847 11
8848 23
8849 5
8850 5
8851 11
8852 11
8853 5
8854 11
8855 5
8856 35
8857 5
8858 17
8859 17
8860 5
8861 5
8862 5
8863 35
8864 23
8865 11
8866 47
8867 11
8868 5
8869 17
8870 5
8871 5
8872 23
8873 17
8874 5
8875 17
8876 11
8877 11
8878 5
8879 11
8880 5
8881 23
8882 5
8883 5
8884 11
8885 11
8886 5
8887 11
8888 5
8889 11
8890 29
8891 17
8892 17
8893 17
8894 29
8895 17
8896 23
8897 11
8898 11
8899 17
8900 11
8901 23
8902 11
8903 17
8904 5
8905 5
8906 5
8907 5
8908 5
8909 5
8910 5
8911 11
8912 11
8913 5
8914 5
8915 17
8916 5
8917 17
8918 5
8919 5
8920 11
8921 11
8922 17
8923 5
8924 5
8925 5
8926 5
8927 11
8928 17
8929 11
8930 11
8931 5
8932 5
8933 17
8934 5
8935 11
8936 11
8937 11
8938 5
8939 11
8940 11
8941 11
8942 5
8943 23
8944 5
8945 11
8946 11
8947 5
8948 29
8949 11
8950 5
8951 23
8952 5
8953 5
8954 5
8955 5
8956 5
8957 11
8958 23
8959 29
8960 17
8961 29
8962 5
8963 17
8964 17
8965 23
8966 5
8967 23
8968 47
8969 11
8970 11
8971 5
8972 5
8973 17
8974 5
8975 23
8976 11
8977 11
8978 23
8979 47
8980 5
8981 17
8982 5
8983 23
8984 11
8985 11
8986 5
8987 17
8988 11
8989 29
8990 5
8991 11
8992 35
8993 11
8994 11
8995 5
8996 17
8997 23
8998 5
8999 17
9000 17
9001 23
9002 23
9003 17
9004 5
9005 11
9006 17
9007 5
9008 11
9009 23
9010 5
9011 17
9012 5
9013 11
9014 5
9015 11
9016 11
9017 29
9018 47
9019 11
9020 5
9021 11
9022 5
9023 17
9024 11
9025 11
9026 11
9027 11
9028 5
9029 23
9030 5
9031 5
9032 11
9033 17
9034 17
9035 11
9036 41
9037 11
9038 5
9039 17
9040 11
9041 23
9042 5
9043 17
9044 5
9045 5
9046 5
9047 11
9048 17
9049 11
9050 5
9051 11
9052 11
9053 5
9054 17
9055 11
9056 17
9057 5
9058 23
9059 5
9060 5
9061 11
9062 5
9063 17
9064 11
9065 11
9066 11
9067 11
9068 5
9069 5
9070 5
9071 17
9072 5
9073 5
9074 11
9075 17
9076 5
9077 5
9078 5
9079 17
9080 5
9081 5
9082 5
9083 41
9084 5
9085 17
9086 5
9087 23
9088 5
9089 5
9090 17
9091 17
9092 17
9093 11
9094 5
9095 5
9096 41
9097 23
9098 5
9099 29
9100 11
9101 5
9102 5
9103 11
9104 23
9105 5
9106 11
9107 47
9108 5
9109 23
9110 5
9111 11
9112 11
9113 5
9114 5
9115 17
9116 17
9117 23
9118 5
9119 17
9120 17
9121 11
9122 17
9123 23
9124 11
9125 11
9126 11
9127 17
9128 11
9129 5
9130 11
9131 5
9132 23
9133 5
9134 11
9135 29
9136 5
9137 5
9138 5
9139 11
9140 17
9141 5
9142 5
9143 35
9144 5
9145 11
9146 5
9147 11
9148 11
9149 11
9150 5
9151 11
9152 41
9153 23
9154 5
9155 11
9156 29
9157 5
9158 11
9159 17
9160 17
9161 11
9162 5
9163 11
9164 5
9165 11
9166 11
9167 23
9168 5
9169 23
9170 11
9171 23
9172 23
9173 23
9174 5
9175 5
9176 11
9177 17
9178 5
9179 11
9180 11
9181 23
9182 71
9183 17
9184 5
9185 17
9186 5
9187 65
9188 5
9189 5
9190 5
9191 17
9192 5
9193 5
9194 11
9195 11
9196 5
9197 11
9198 11
9199 17
9200 5
9201 11
9202 11
9203 5
9204 23
9205 11
9206 11
9207 17
9208 5
9209 35
9210 5
9211 5
9212 29
9213 5
9214 11
9215 5
9216 17
9217 23
9218 5
9219 17
9220 29
9221 11
9222 17
9223 17
9224 23
9225 11
9226 17
9227 11
9228 41
9229 11
9230 5
9231 17
9232 5
9233 47
9234 11
9235 11
9236 17
9237 5
9238 5
9239 23
9240 5
9241 11
9242 17
9243 17
9244 5
9245 11
9246 5
9247 11
9248 23
9249 11
9250 11
9251 11
9252 5
9253 11
9254 29
9255 11
9256 23
9257 11
9258 23
9259 35
9260 5
9261 17
9262 5
9263 17
9264 5
9265 5
9266 11
9267 11
9268 5
9269 17
9270 11
9271 5
9272 11
9273 17
9274 5
9275 17
9276 17
9277 11
9278 71
9279 23
9280 11
9281 35
9282 5
9283 11
9284 17
9285 5
9286 17
9287 17
9288 5
9289 5
9290 23
9291 11
9292 35
9293 5
9294 11
9295 17
9296 5
9297 5
9298 5
9299 29
9300 5
9301 5
9302 23
9303 41
9304 5
9305 11
9306 11
9307 11
9308 17
9309 5
9310 11
9311 17
9312 5
9313 17
9314 5
9315 29
9316 5
9317 5
9318 11
9319 11
9320 5
9321 11
9322 5
9323 23
9324 11
9325 11
9326 5
9327 35
9328 17
9329 11
9330 5
9331 5
9332 11
9333 17
9334 5
9335 5
9336 11
9337 5
9338 11
9339 5
9340 11
9341 5
9342 17
9343 5
9344 11
9345 5
9346 5
9347 23
9348 5
9349 5
9350 29
9351 11
9352 11
9353 41
9354 11
9355 11
9356 11
9357 11
9358 17
9359 11
9360 11
9361 23
9362 5
9363 23
9364 5
9365 5
9366 11
9367 11
9368 5
9369 5
9370 5
9371 5
9372 5
9373 29
9374 5
9375 5
9376 17
9377 11
9378 11
9379 29
9380 5
9381 11
9382 5
9383 11
9384 5
9385 11
9386 35
9387 5
9388 17
9389 11
9390 5
9391 11
9392 17
9393 17
9394 5
9395 29
9396 5
9397 17
9398 5
9399 11
9400 11
9401 5
9402 5
9403 11
9404 23
9405 17
9406 5
9407 23
9408 29
9409 23
9410 5
9411 17
9412 5
9413 11
9414 5
9415 17
9416 5
9417 17
9418 17
9419 11
9420 5
9421 5
9422 5
9423 11
9424 17
9425 5
9426 5
9427 23
9428 5
9429 5
9430 5
9431 5
9432 17
9433 5
9434 29
9435 17
9436 5
9437 11
9438 5
9439 29
9440 23
9441 11
9442 11
9443 23
9444 5
9445 11
9446 29
9447 17
9448 5
9449 47
9450 23
9451 11
9452 17
9453 17
9454 5
9455 23
9456 5
9457 17
9458 23
9459 11
9460 5
9461 5
9462 11
9463 11
9464 5
9465 5
9466 11
9467 5
9468 5
9469 17
9470 5
9471 17
9472 5
9473 11
9474 5
9475 11
9476 11
9477 11
9478 11
9479 17
9480 5
9481 17
9482 5
9483 5
9484 11
9485 5
9486 5
9487 5
9488 11
9489 5
9490 17
9491 5
9492 17
9493 11
9494 5
9495 17
9496 29
9497 35
9498 5
9499 5
9500 17
9501 5
9502 5
9503 11
9504 11
9505 5
9506 11
9507 5
9508 5
9509 5
9510 11
9511 29
9512 5
9513 11
9514 17
9515 11
9516 5
9517 17
9518 11
9519 11
9520 5
9521 5
9522 5
9523 11
9524 5
9525 5
9526 41
9527 17
9528 5
9529 5
9530 17
9531 11
9532 11
9533 5
9534 5
9535 23
9536 5
9537 11
9538 5
9539 5
9540 5
9541 5
9542 17
9543 17
9544 5
9545 35
9546 23
9547 5
9548 5
9549 5
9550 11
9551 23
9552 11
9553 11
9554 11
9555 11
9556 5
9557 5
9558 5
9559 29
9560 11
9561 5
9562 29
9563 5
9564 5
9565 41
9566 5
9567 11
9568 23
9569 17
9570 11
9571 17
9572 17
9573 23
9574 5
9575 17
9576 47
9577 11
9578 11
9579 11
9580 17
9581 53
9582 5
9583 17
9584 5
9585 17
9586 5
9587 11
9588 41
9589 11
9590 11
9591 5
9592 17
9593 11
9594 11
9595 5
9596 23
9597 5
9598 5
9599 17
9600 5
9601 11
9602 29
9603 5
9604 17
9605 29
9606 5
9607 23
9608 23
9609 11
9610 41
9611 5
9612 17
9613 17
9614 5
9615 23
9616 5
9617 29
9618 5
9619 29
9620 5
9621 29
9622 5
9623 5
9624 11
9625 23
9626 17
9627 17
9628 5
9629 5
9630 29
9631 41
9632 5
9633 17
9634 5
9635 11
9636 5
9637 17
9638 11
9639 17
9640 5
9641 17
9642 11
9643 5
9644 11
9645 5
9646 5
9647 5
9648 5
9649 17
9650 5
9651 23
9652 29
9653 5
9654 11
9655 17
9656 17
9657 11
9658 23
9659 23
9660 5
9661 11
9662 5
9663 29
9664 5
9665 5
9666 5
9667 5
9668 5
9669 5
9670 5
9671 35
9672 5
9673 41
9674 5
9675 17
9676 11
9677 11
9678 17
9679 5
9680 11
9681 5
9682 5
9683 5
9684 17
9685 11
9686 5
9687 11
9688 11
9689 5
9690 11
9691 5
9692 17
9693 11
9694 5
9695 11
9696 5
9697 23
9698 5
9699 11
9700 5
9701 17
9702 5
9703 29
9704 5
9705 11
9706 11
9707 11
9708 5
9709 17
9710 5
9711 17
9712 5
9713 11
9714 11
9715 5
9716 5
9717 5
9718 5
9719 11
9720 17
9721 11
9722 23
9723 11
9724 5
9725 11
9726 17
9727 11
9728 11
9729 17
9730 29
9731 5
9732 5
9733 5
9734 11
9735 5
9736 23
9737 23
9738 41
9739 17
9740 5
9741 11
9742 5
9743 17
9744 5
9745 29
9746 5
9747 5
9748 23
9749 5
9750 11
9751 17
9752 11
9753 11
9754 23
9755 17
9756 11
9757 5
9758 11
9759 23
9760 11
9761 35
9762 5
9763 17
9764 5
9765 5
9766 5
9767 5
9768 11
9769 5
9770 11
9771 11
9772 23
9773 11
9774 5
9775 5
9776 23
9777 29
9778 5
9779 35
9780 5
9781 11
9782 5
9783 11
9784 17
9785 17
9786 5
9787 77
9788 11
9789 5
9790 11
9791 23
9792 17
9793 23
9794 5
9795 11
9796 17
9797 35
9798 5
9799 17
9800 5
9801 11
9802 5
9803 11
9804 5
9805 5
9806 11
9807 11
9808 5
9809 5
9810 11
9811 5
9812 5
9813 5
9814 5
9815 11
9816 11
9817 5
9818 5
9819 5
9820 23
9821 5
9822 5
9823 17
9824 5
9825 11
9826 5
9827 11
9828 11
9829 11
9830 17
9831 11
9832 11
9833 29
9834 5
9835 17
9836 5
9837 11
9838 41
9839 23
9840 5
9841 11
9842 29
9843 11
9844 5
9845 11
9846 5
9847 17
9848 5
9849 11
9850 5
9851 5
9852 11
9853 29
9854 17
9855 11
9856 5
9857 5
9858 17
9859 53
9860 11
9861 11
9862 11
9863 17
9864 5
9865 35
9866 5
9867 5
9868 5
9869 5
9870 5
9871 11
9872 5
9873 11
9874 23
9875 17
9876 5
9877 5
9878 5
9879 17
9880 23
9881 23
9882 17
9883 5
9884 11
9885 5
9886 5
9887 23
9888 23
9889 11
9890 5
9891 17
9892 5
9893 11
9894 5
9895 5
9896 17
9897 5
9898 11
9899 17
9900 5
9901 11
9902 11
9903 17
9904 5
9905 29
9906 11
9907 5
9908 5
9909 5
9910 17
9911 17
9912 5
9913 17
9914 5
9915 5
9916 17
9917 5
9918 23
9919 11
9920 17
9921 5
9922 5
9923 17
9924 5
9925 5
9926 17
9927 17
9928 5
9929 5
9930 35
9931 5
9932 17
9933 11
9934 17
9935 17
9936 5
9937 17
9938 5
9939 17
9940 5
9941 11
9942 11
9943 29
9944 41
9945 11
9946 5
9947 5
9948 5
9949 11
9950 5
9951 11
9952 11
9953 23
9954 5
9955 5
9956 5
9957 5
9958 11
9959 5
9960 17
9961 11
9962 5
9963 5
9964 5
9965 11
9966 11
9967 11
9968 5
9969 11
9970 5
9971 11
9972 11
9973 11
9974 29
9975 17
9976 17
9977 11
9978 17
9979 11
9980 35
9981 5
9982 5
9983 23
9984 17
9985 17
9986 5
9987 5
9988 17
9989 35
9990 5
9991 23
9992 5
9993 17
9994 5
9995 17
9996 11
9997 5
9998 5
9999 17
